Unnamed: 0,drama_type,speaker,sex,job,job_category,social_class,text,progress,short_name,numTokens,numLexTokens,avgLexVal,lexRatio
0,comedy,Alois Has,M,rentier,rentiers,upper_class,"
          
Alois :

          
Myni lieb Carline, dü kannsch d'r gar nitt vor- stelle, wie ich mich uff unseri Hyroot fraij ! Weisch, wemm’r syn Læbdesdaa Jungg’sell isch g’sinn, no brücht m'r numme ze lueje, wieviel Knepf ass eim am Kleid fæhle, fur jügiere ze kenne, was e flyssigi Hüssfrau wært isch!

        
",0,jost-d-satisfaction,49,4,0.0,0.08163265306122448
1,comedy,Caroline Dick,F,,,,"
          
Caroline:

          
Warum hesch de denn no nitt schun længscht g’hyroot, liewer Alois ? Alois 
(fur sich)
 : Wyll ich noch Geld habb g’hett ! 
(lütt)
 : Ho, worum ? Wyll ich arich vorsichtig bin g’sinn! E Frau hett m'r ball, awer m'r weiss nie, was fur aani ! Waije dem haw-ich mir au bis jetzt allewyll mit Patentknepf üss d'r Not g’holfe. In dir awer, chère Caroline, haw-ich enfin e Frau g’funde, wo mich glicklich mache kann !

        
",0,jost-d-satisfaction,75,6,0.0,0.08
2,comedy,Caroline Dick,F,,,,"
          
Caroline :

          
Dü witt saawe, wo dich vun de Patentknepf erleest!

        
",1,jost-d-satisfaction,10,1,0.0,0.1
3,comedy,Alois Has,M,rentier,rentiers,upper_class,"
          
Alois :

          
Gell, jetzert witt dü mich au noch ütze ! Awer wart numme, wenn mir zwei erscht emool im Kæschtel hænge ! Drej Wuche sinn by de hytti moderne Verkehrsmiddel schnell erum. Ich will d'r no schun zeije, ass ich d’Hosse-n-an habb !

        
",1,jost-d-satisfaction,43,3,0.20566666666666666,0.06976744186046512
5,comedy,Alois Has,M,rentier,rentiers,upper_class,"
          
Alois :

          
Très bien ! G’sundheit, Liewi ! Uff e gueti Zuekunft im heiliche-n-Ehstand ! 
(Trinkt.)

          

        
",2,jost-d-satisfaction,16,5,0.06169232073028932,0.3125
6,comedy,Caroline Dick,F,,,,"
          
Caroline :

          
Numme nitt so gepressiert, Aloisel ! Zuem Ins-Kæschtel-hænge haw-ich bis jetzt myni Per- mission noch nitt gænn !

        
",3,jost-d-satisfaction,18,1,0.0,0.05555555555555555
7,comedy,Alois Has,M,rentier,rentiers,upper_class,"
          
Alois :

          
Wa-a-as ! Hesch de dir ’s am End widder an- dersch iwerleijt?

        
",3,jost-d-satisfaction,13,1,0.0,0.07692307692307693
8,comedy,Caroline Dick,F,,,,"
          
Caroline :

          
Diss nitt grad !

        
",4,jost-d-satisfaction,4,1,0.0,0.25
11,comedy,Alois Has,M,rentier,rentiers,upper_class,"
          
Alois :

          
Oho ! Ich proteschtier ! Dü krejsch mir ma foi kaan Trepfele Wyn meh ! — Ja, g’fallt d'r denn ebbs nitt an mir? Ich habb doch par exemple kaan Romanbaan !

        
",5,jost-d-satisfaction,29,2,0.0,0.06896551724137931
13,comedy,Alois Has,M,rentier,rentiers,upper_class,"
          
Alois :

          
So wie im-e Roman ! ’s erscht gehn s’e-n- üssenander, unn no « kriegen » s’e sich widder, diss heisst, se kumme widder z’amme! 
(Zeijt mit de Hænd d’Form vun O-Baan.)

        
",6,jost-d-satisfaction,38,1,0.0,0.02631578947368421
15,comedy,Alois Has,M,rentier,rentiers,upper_class,"
          
Alois :

          
Ja, was denn no ? reg : Hm, ich weiss nitt, wie ich mich üssdrucke soll !

        
",7,jost-d-satisfaction,15,1,0.0,0.06666666666666667
17,comedy,Caroline Dick,F,,,,"
          
Caroline:

          
Alois, heer jetzt enfin mit denne Schnæcke- dænz uff! Mir welle jetzt emool e’'n-ernscht’s Wertel mitnand redde! Ich bin næmlich vun jehere-n-e bissel arich romantisch veranlaat g’sinn! Weisch, wo ich als Maidel noch in d’hee- cher Deechterschuele bin gange ...

        
",8,jost-d-satisfaction,47,4,0.0,0.0851063829787234
20,comedy,Alois Has,M,rentier,rentiers,upper_class,"
          
Alois :

          
Calmier dich, Carline ! Ich habb jo numme gemaant, ass dü als klaans Düddele so hoch hesch miehn nuffkrawle !

          

        
",10,jost-d-satisfaction,19,1,0.594,0.05263157894736842
21,comedy,Caroline Dick,F,,,,"
          
Caroline :

          
Also wyddersch im Text! Wo ich also noch e klaan’s Maidel bin g’sinn unn....

        
",10,jost-d-satisfaction,16,1,0.0,0.0625
22,comedy,Alois Has,M,rentier,rentiers,upper_class,"
          
Alois :

          
Diss isch allewæj schun lang here !

        
",11,jost-d-satisfaction,7,1,0.0,0.14285714285714285
24,comedy,Alois Has,M,rentier,rentiers,upper_class,"
          
Alois :

          
Ich ? Ich habb g’saat, ass de zelldürs allewæj viell hesch miehn lehre !

        
",12,jost-d-satisfaction,13,1,0.0,0.07692307692307693
25,comedy,Caroline Dick,F,,,,"
          
Caroline :

          
Diss will ich maane ! Nix als wie prak- tisch’s Dings! Par exemple Klavierspiele, Singe, Tennisspiele, Danze! Unn no surtout au Roman- tik! Oh, d’Romantik!

        
",12,jost-d-satisfaction,29,3,0.09633333333333333,0.10344827586206896
26,comedy,Alois Has,M,rentier,rentiers,upper_class,"
          
Alois :

          
Ich kenn s’e ! Ich habb jo schun e ganzi Mas- sion Romaner gelæse ! Caroline 
(enthusiastisch)
 : By mir muess alles ro- mantisch zuegehn ! Waije dem haw-ich au myne- n-erscht Mann seli so arich gern g’hett ! Syn ro- mantisch-martialischer Schnüzer par exemple isch d'r Schlissel g’sinn, wo ’r alli Frauehærzer mit uffgemacht hett !

        
",13,jost-d-satisfaction,60,6,0.0365,0.1
27,comedy,Alois Has,M,rentier,rentiers,upper_class,"
          
Alois :

          
Ja — ja — bin ich dir denn am End nitt ro- mantisch genue? Luej mich doch emool genau an!

        
",13,jost-d-satisfaction,22,4,0.05475,0.18181818181818182
28,comedy,Caroline Dick,F,,,,"
          
Caroline :

          
Loss mich üssredde, Dicker ! Dü dærfsch nitt bees sinn, wenn ich dir saa, ass mir myn erschter Mann seli viell küraschierter unn ritter- licher vor isch kumme als wie dü. Er isch so e’n-Espèce vun « Prinz von Fürchtenichts und Tuerecht » g’sinn !

        
",14,jost-d-satisfaction,46,5,0.06563276457288686,0.10869565217391304
30,comedy,Caroline Dick,F,,,,"
          
Caroline:

          
Nitt iwel!

        
",15,jost-d-satisfaction,3,1,0.0,0.3333333333333333
32,comedy,Caroline Dick,F,,,,"
          
Caroline :

          
Diss haw-ich noch nitt g’saat, denn ich habb jo bis jetzt noch kaan Bewys vun dym Kürasch g’sæhne!

        
",16,jost-d-satisfaction,19,1,0.0,0.05263157894736842
33,comedy,Alois Has,M,rentier,rentiers,upper_class,"
          
Alois :

          
Sell isch wohr ! Ich bin au gar nitt d'r Mann, wo mit syne guete-n-Eijeschafte kolportiere geht. Wenn ’s awer druff ankummt, no kann ich au zeije, ass ich kaan Spitalsupp in de-n-Oodere habb! O, wenn ich verzehle wott! Wenn par exemple d'r Dempsey vun aam Mensch gebatscht wære kann, no bin gewiss ich’s! Do, gryff emool myne Bœju! Do sitzt d’Romantik kryzwyes drinne! Schad, ass nitt grad e Leeb odder d'r Landru in d'r Næhde-n-isch ! Maansch, wie ich ’s denne zeije dhæt ! Unn fur dich, Carline, fur dich gængt ich directement durich ’s Fyer !

          
       
	   
",16,jost-d-satisfaction,103,7,0.04128571428571428,0.06796116504854369
34,comedy,Caroline Dick,F,,,,"
          
Caroline :

          
So hett seller Mann au vor d'r Hochzytt g’saat. Unn wo ’r no g’hyroot isch e’sinn, hett ’r sym Wyewele nitt emool üss ’m Kanal e Wasser- ros g’holt, wo s’e gern g’hett hatt. Unn wo s’e ’ne no an syn Verspreche vun vor d'r Hochzytt gemahnt hett, hett ’r ganz calme g’saat : « ’s isch meejlich, ass ich friehjer emool g’saat habb, ich gængt fur dich durich ’s Fyer — vun Wasser isch awer ganz b’stimmt nie d’Redd g’sinn ! »

        
",17,jost-d-satisfaction,86,8,0.027375,0.09302325581395349
35,comedy,Alois Has,M,rentier,rentiers,upper_class,"
          
Alois :

          
Naan, naan, ich bin kaan so Wortklüwer. Wenn ’s druff ankæm, ze gængt ich fur dich du- rich e Granatræje odder ohne Pass iwer d'Kæh- ler Bruck, ja, ich dhæt sogar mit d'r Ysebahn uff Paris fahre ! Diss will doch ma foi viell Kü- rasch heisse !

        
",17,jost-d-satisfaction,51,3,0.0,0.058823529411764705
36,comedy,Caroline Dick,F,,,,"
          
Caroline :

          
Oh, dü myn liewer Alois ! Dü bisch myn dicker, klaaner Held ! Ich habb mich gedrum- piert in dir ! Jetzt sollsch dü au e gfitzt ’s Schmit- zel hann fur dyne Kürasch unn — wyll ’s niemes sieht. 
(Sie gænn sich e Schmutz.)

        
",18,jost-d-satisfaction,47,5,0.175,0.10638297872340426
37,comedy,Alois Has,M,rentier,rentiers,upper_class,"
          
Alois :

          
A-a-h ! Wie siess ! Wie gezuckert’s Saccharin! Gell, Goldamsel, morje dærf ich uns anschlaawe lonn ? Weisch, ich kenn de Standesbeamt per- seenlich! Der serwiert uns no viell besser als wie d’andere hyrootsluschtige Pærle !

        
",18,jost-d-satisfaction,36,3,0.1770546076214781,0.08333333333333333
39,comedy,Alois Has,M,rentier,rentiers,upper_class,"
          
Alois :

          
Uff diss anne — G’sundheit, Carline ! 
(Trinke. Iwerdem geht d’Dier uff, unn d'r M. Sansfaute, im e’n-elegante Ryttkleid unn e Ryttgert in d'r Hand, kummt ganz nonchalant eryn, geht am M. Has durich unn stosst 'm im Durichgehn zue- fællig mit syne Spore-n-an d’Fiess unn setzt sich, ohne sich ze-n-exküsiere, an e Disch vis-à-vis.)
 Alois 
(guetmietig daub-witzig)
 : Ich bin doch kaan Ross, ass Sie mir d’Spore gænn. — ha-ha-ha ! Sansfaute 
(hochmietig)
 : Sie welle sich schynt’s mit mir in e Conversation ynlonn ?

        
",19,jost-d-satisfaction,98,7,0.0,0.07142857142857142
43,comedy,Caroline Dick,F,,,,"
          
Caroline:

          
(lütt)

          
Isch diss awer emool e’n-ung’howel- ter Flejel ! C’est scandaleux !

        
",21,jost-d-satisfaction,15,1,0.0,0.06666666666666667
44,comedy,Gaston Sansfaute,M,manufacturer,industry_and_transportation,upper_class,"
          
Sansfaute:

          
(ohne grossi Uffrejung)

          
Wenn Sie Verlanges hann, fur mit dem do 
(droht mit d'r Ryttgert)
 Bekanntschaft ze mache, no brüche Sie sich numme noch wyddersch mit mensche- æhnliche Teen iwer mich ze-n-unterhalte! 
(Langt sich e Zyttung unn læst; d'r Garçon serwiert ’ne-n-unn geht widder ab.)

        
",22,jost-d-satisfaction,57,2,0.0,0.03508771929824561
45,comedy,Caroline Dick,F,,,,"
          
Caroline:

          
(uffgebroocht, awer numme fur de M. Has  b’stimmt)

          
Alois, hesch dùü’s g’heert, was der Drueli zue uns g’saat hett ? Beleidigt hett’r mich! Et toi aussi! Unn so ebbs losch dü dir so ruehjich g’falle ?

        
",22,jost-d-satisfaction,38,3,0.0,0.07894736842105263
46,comedy,Alois Has,M,rentier,rentiers,upper_class,"
          
Alois :

          
(verlæje)

          
Calmier dich, ma chère! Er wurd’s nitt so schlimm gemaant hann! So ebbs rutscht aam emol so erüss!

          

        
",23,jost-d-satisfaction,23,2,0.0,0.08695652173913043
48,comedy,Alois Has,M,rentier,rentiers,upper_class,"
          
Alois:

          
Ei jo, was hett denn diss mit unserer Hyroot ze dhuen? Odder soll ich jetzt waije so-e-me harmlose Wertele Krach anfange!

        
",24,jost-d-satisfaction,22,2,0.0,0.09090909090909091
49,comedy,Caroline Dick,F,,,,"
          
Caroline:

          
Unn diss frœjsch dü mich? Unn harmlosi Wertele heisch dü diss? Eh bien, merci! Weisch dü denn gar nitt, was de ze mache hesch, wenn dyni Frau insültiert wurd?

        
",24,jost-d-satisfaction,30,1,0.0,0.03333333333333333
51,comedy,Caroline Dick,F,,,,"
          
Caroline :

          
Gott sej Dank nitt ! Ich kann allewyll noch myni Demission gænn!

        
",25,jost-d-satisfaction,12,3,0.0,0.25
52,comedy,Alois Has,M,rentier,rentiers,upper_class,"
          
Alois:

          
Awer doch nitt waije so-e-me Dreck!

        
",26,jost-d-satisfaction,7,1,0.0,0.14285714285714285
53,comedy,Caroline Dick,F,,,,"
          
Caroline:

          
Ah so — Dreck! Glych behaaptsch dü am End au noch, ass mir der ung’howelt Fitzer Com- plimenter gemacht hett! Weisch, ich glabb als, ass de kaan Kürasch hesch, fur denne Grobian ins Gebætt ze nemme!

        
",26,jost-d-satisfaction,38,4,0.17575,0.10526315789473684
54,comedy,Alois Has,M,rentier,rentiers,upper_class,"
          
Alois:

          
Saa diss nitt! Wenn ich bees wurr, no fericht ich zeh Mænner nitt!

        
",27,jost-d-satisfaction,14,3,0.0,0.21428571428571427
55,comedy,Caroline Dick,F,,,,"
          
Caroline:

          
Na, no lang d'r doch diss Birschtel!

        
",27,jost-d-satisfaction,8,1,0.0,0.125
56,comedy,Alois Has,M,rentier,rentiers,upper_class,"
          
Alois:

          
’s isch jo awer numme-n-aaner, unn no kann ich au mit’m beschte Wille nitt bees wære!

        
",28,jost-d-satisfaction,20,1,0.0,0.05
58,comedy,Alois Has,M,rentier,rentiers,upper_class,"
          
Alois:

          
Ja — was denn?

        
",29,jost-d-satisfaction,5,1,0.0,0.2
59,comedy,Caroline Dick,F,,,,"
          
Caroline:

          
Unn diss muess ich dir ererscht noch saawe? Dü muehsch denne Fitzer zue’'me Düell fordere, denne Patentaff mit syne Gaisedærm an de Baan! By Insültierunge wurd’s allewyll so gemacht!

        
",29,jost-d-satisfaction,32,3,0.0,0.09375
60,comedy,Alois Has,M,rentier,rentiers,upper_class,"
          
Alois:

          
Wa—a—as? Zue’me Düell fordere! Gell, dir isch’s nitt guet! Naan, naan! Diss gitt’s jetzt doch nitt ! Ja, worum denn numme-n-au ?

        
",30,jost-d-satisfaction,30,4,0.0,0.13333333333333333
61,comedy,Caroline Dick,F,,,,"
          
Caroline:

          
Wyll’r dich, am meischte-n-awer mich, wo ich doch e besseri Dam bin, schwær beleidigt hett! 
(Fangt an ze hylle.)
 Oh, wie bin ich doch so arich unglicklich !

           

		
",30,jost-d-satisfaction,32,4,0.0,0.125
62,comedy,Alois Has,M,rentier,rentiers,upper_class,"
          
Alois:

          
Ja, hett’r uns denn daadsæchlich beleidigt?

        
",31,jost-d-satisfaction,7,2,0.0,0.2857142857142857
63,comedy,Caroline Dick,F,,,,"
          
Caroline:

          
Wenn dü diss nitt begryffe kannsch, no gehn halt unseri Ehrbegriff unn unseri Wæj üssenand! Do isch myn erschter Mann seli doch en-anderer Mann g’sinn! Der hætt üss dem Müllathlet schun lang G’hackts gemacht! Ich wott, er dhæt noch læwe!

        
",31,jost-d-satisfaction,41,8,0.0,0.1951219512195122
64,comedy,Alois Has,M,rentier,rentiers,upper_class,"
          
Alois :

          
(fur sich)

          
Ich au! 
(lütt)
: Unn uff was soll ich’ne denn fordere?

        
",32,jost-d-satisfaction,17,3,0.0,0.17647058823529413
65,comedy,Caroline Dick,F,,,,"
          
Caroline:

          
Uff Revolver naturellement! Diss weiss ich üss de Romaner, wo ich gelæse habb.

        
",32,jost-d-satisfaction,14,2,0.0,0.14285714285714285
66,comedy,Alois Has,M,rentier,rentiers,upper_class,"
          
Alois :

          
(fur sich)

          
Wenn ich so viell ze saawe hætt wie nitt, no kæmte mir alli Romaneschryewer læweslænglich uff Cayenne! 
(lütt)
 : Uff Revol- ver? Ja, saa emool, uff geladeni?

        
",33,jost-d-satisfaction,34,5,0.0,0.14705882352941177
67,comedy,Caroline Dick,F,,,,"
          
Caroline:

          
Uff was denn schunscht furichti!

        
",33,jost-d-satisfaction,6,2,0.0,0.3333333333333333
68,comedy,Alois Has,M,rentier,rentiers,upper_class,"
          
Alois :

          
(fur sich)

          
Isch denn nitt grad e Blitz ierigs in d'r Næhde! Mon Dieu! 
(lütt)
: Uff Revolver? Uff geladeni? Ja, saa emool, vun denne, wo so knelle, wemm’r mit schiesst?

        
",34,jost-d-satisfaction,35,7,0.0939774813633587,0.2
70,comedy,Alois Has,M,rentier,rentiers,upper_class,"
          
Alois:

          
Do kann mir jo no der Mensch e Loch in d'Gedærmer schiesse, so ass mir jo kaan Supp meh im Maawe hebbt!

        
",35,jost-d-satisfaction,24,2,0.0,0.08333333333333333
71,comedy,Caroline Dick,F,,,,"
          
Caroline:

          
Myni Ehr hett au e Loch!

        
",35,jost-d-satisfaction,7,1,0.6250000000000001,0.14285714285714285
72,comedy,Alois Has,M,rentier,rentiers,upper_class,"
          
Alois:

          
Diss macht awer doch nitt weh!

        
",36,jost-d-satisfaction,7,2,0.0,0.2857142857142857
73,comedy,Caroline Dick,F,,,,"
          
Caroline:

          
Wenn dü kaan Ehrg’fiehl hesch, no haw- ich’s! Bref, ich verlang vun d'r, ass dü mir diss Loch in mynere-n-Ehr widder flicksch!

        
",36,jost-d-satisfaction,27,2,0.508,0.07407407407407407
74,comedy,Alois Has,M,rentier,rentiers,upper_class,"
          
Alois:

          
Liewi, siessi Carline, luej, ich halt nitt viell vun g’flicktem Dings! Diss isch nix Ganzes unn nix Halbs! t

        
",37,jost-d-satisfaction,20,3,0.06766666666666667,0.15
75,comedy,Caroline Dick,F,,,,"
          
Caroline:

          
Denk an d’Villa, wo ich mit in d’Eh bring!

          

        
",37,jost-d-satisfaction,12,1,0.0,0.08333333333333333
76,comedy,Alois Has,M,rentier,rentiers,upper_class,"
          
Alois:

          
Grad an die denk ich jo! Mon Dieu, mon Dieu!

        
",38,jost-d-satisfaction,11,1,0.0,0.09090909090909091
77,comedy,Caroline Dick,F,,,,"
          
Caroline:

          
Denk an d’hundertdœjsig Frænkle, wo ich uff d'r Bank habb!

        
",38,jost-d-satisfaction,12,1,0.0,0.08333333333333333
79,comedy,Caroline Dick,F,,,,"
          
Caroline:

          
Naan ! Ich b’steh druff ! Myne-n-Ehre- schild loss ich mir nitt vun so-e-me Lackel verschmiere! Odder mir zwei sinn sini mitenand!

        
",39,jost-d-satisfaction,24,2,0.16408191143221715,0.08333333333333333
80,comedy,Alois Has,M,rentier,rentiers,upper_class,"
          
Alois :

          
(fur sich)

          
Stærwen-n-odder d’Carline mit ihrem Geld verliere, diss isch fur mich kaan Unterschied, denn myn bissel Vermeeje isch ver- pulvert! 
(lütt)
: Bon, Carline, dü sollsch sæhn, ass ich Kürasch habb! Unn wenn s’e mich no als doodi Lycht haame bringe, no kannsch dü uff myne Grabstaan schryewe lonn: « In seiner Seelennot starb er den Heldentod!»

        
",40,jost-d-satisfaction,68,7,0.11502340326634775,0.10294117647058823
81,comedy,Caroline Dick,F,,,,"
          
Caroline:

          
Nitt allewyli glych ’s Schlimmschte denke! Bring awer jetzt dyni Forderung an! 
(fur sich)
: Ich will doch au emool saawe kenne, ass sich waije mir zwei Mænner düelliert hann! Oh Ro- mantik, myn Ideal!

        
",40,jost-d-satisfaction,38,3,0.0,0.07894736842105263
82,comedy,Alois Has,M,rentier,rentiers,upper_class,"
          
Alois :

          
(fur sich)

          
Hoffetlich akzeptiert’r myni For- derung nitt! 
(lütt)
: Carline, jetzt pass emool uff, wie ich mit dem verfahre dhue — gentle- manlike! 
(Steht uff unn geht verschichtert an de Disch vum M. Sansfaute. D’Conversation, wo jetzt g’fiehrt wurd, isch nitt fur d’Mme. Caro- line b’stimmt; sie kann in dere Zytt e Hand- arweit vornemme unn vun Zytt ze Zytt wunder- fitzig unn nitt ohne Graddel an de-n-andere Disch niwergücke.)

        
",41,jost-d-satisfaction,86,7,0.11042857142857143,0.08139534883720931
83,comedy,Alois Has,M,rentier,rentiers,upper_class,"
          
Alois :

          
Pardon, Monsieur ! 
(Huescht, fur de M. Sansfaute uff sich uffmeriksam ze mache.)
 Has! Alois Has isch myn Namme! Sie sinn vorig so a-13- frindlich g’sinn, mich ze beleidige unn au die Dam dort, wo ich in drej Wuche hyroote will unn wo e Witfrau mit’re Villa unn hundertdœjsig Frænkle in bar isch! Welle Sie diss noch emool mache?

        
",41,jost-d-satisfaction,62,6,0.03383333333333333,0.0967741935483871
84,comedy,Gaston Sansfaute,M,manufacturer,industry_and_transportation,upper_class,"
          
Sansfaute:

          
Ja!

        
",42,jost-d-satisfaction,2,1,0.0,0.5
86,comedy,Gaston Sansfaute,M,manufacturer,industry_and_transportation,upper_class,"
          
Sansfaute:

          
No beleidige Sie myn Scheenheitsg’fiehl nitt mit Ihrer Gejewart unn verschwinde S’e!

        
",43,jost-d-satisfaction,14,3,0.20566666666666666,0.21428571428571427
87,comedy,Alois Has,M,rentier,rentiers,upper_class,"
          
Alois:

          
Sofort! Sie permettiere awer noch aan Se- kund ! Ich soll Ihnne do myn Visitekærtel ab- gænn!

        
",43,jost-d-satisfaction,19,1,0.0,0.05263157894736842
88,comedy,Gaston Sansfaute,M,manufacturer,industry_and_transportation,upper_class,"
          
Sansfaute:

          
Soll? Wer hett Ihnne denn denne Rote- Radler-Uffdraa gænn ?

        
",44,jost-d-satisfaction,11,2,0.0,0.18181818181818182
90,comedy,Gaston Sansfaute,M,manufacturer,industry_and_transportation,upper_class,"
          
Sansfaute :

          
Unn was soll ich mit dem Zettele ? Ich meecht durich Ihri Bekanntschaft nitt in e schlæchte Ruef kumme!

        
",45,jost-d-satisfaction,19,2,0.0,0.10526315789473684
91,comedy,Alois Has,M,rentier,rentiers,upper_class,"
          
Alois:

          
Na, m'r macht’s doch so, wemm’r gern e Revolver-Düell hann meecht! Ich habb’s schun so im Kinnes g’sæhn!

        
",45,jost-d-satisfaction,21,2,0.1095,0.09523809523809523
92,comedy,Gaston Sansfaute,M,manufacturer,industry_and_transportation,upper_class,"
          
Sansfaute :

          
(uff aanmool ironisch-frindlich bis zuem  Schluss)

          
Ah, e Düell-Forderung! Fraid mich! Ich nemm awer an, ass Sie satisfaktionsfæhig sinn?

        
",46,jost-d-satisfaction,22,2,0.3205,0.09090909090909091
93,comedy,Alois Has,M,rentier,rentiers,upper_class,"
          
Alois :

          
Gewiss ! Ich bin sogar zue allem fæhig ! Awer — awer welle Sie denn myni Forderung au daadsæchlich akzeptiere?

        
",46,jost-d-satisfaction,19,2,0.0,0.10526315789473684
94,comedy,Gaston Sansfaute,M,manufacturer,industry_and_transportation,upper_class,"
          
Sansfaute:

          
Awer mit d'r greescht Fraid!

        
",47,jost-d-satisfaction,6,2,0.469,0.3333333333333333
95,comedy,Alois Has,M,rentier,rentiers,upper_class,"
          
Alois :

          
(fur sich)

          
Vun Fraid g’spier ich by mir noch nix! 
(lütt)
: No war also alles fur’s Düell erledigt?

        
",47,jost-d-satisfaction,24,3,0.21366666666666667,0.125
98,comedy,Gaston Sansfaute,M,manufacturer,industry_and_transportation,upper_class,"
          
Sansfaute:

          
Unn myne Sekundant schick ich morje zue Ihnne, fur ass’r mit Ihrem alles andere noch üssmache kann. In Düellsaches bin ich arich korrekt!

        
",49,jost-d-satisfaction,24,2,0.0,0.08333333333333333
99,comedy,Alois Has,M,rentier,rentiers,upper_class,"
          
Alois :

          
(fur sich)

          
Ich pfyff druff, korrekt iwer de Hüffe g’schosse ze wære! 
(lütt)
: Bon, myn Sekundaner wurd au parad sinn. Hoffetlich drucke Sie bym Schiesse e’n-Au zue?

        
",49,jost-d-satisfaction,33,4,0.0,0.12121212121212122
101,comedy,Alois Has,M,rentier,rentiers,upper_class,"
          
Alois :

          
(fur sich)

          
Alli zwei wær mir liewer! 
(lütt)
: Bon! Sie exküsiere jetzt, ass ich Sie deranschiert habb!

        
",50,jost-d-satisfaction,22,2,0.0,0.09090909090909091
102,comedy,Gaston Sansfaute,M,manufacturer,industry_and_transportation,upper_class,"
          
Sansfaute:

          
Au contraire! ’s hett mich arich g’fraid! Au plaisir! 
(fur sich)
: Alter Idiot, dü sollsch an mich denke! Alois 
(geht widder an syne Disch; unterwæjs fur sich)
: Denne fraid numme-n-alles! M’r kennt jo grad maane, er isch’s, wo doodg’schosse wurd! Oh, armer, dooder Alois! Dü wursch verschosse, wyll dü in d’Carline verschosse bisch! 
(lütt)
: Na, chérie, bisch de jetzt zefridde mit mym Leewekürasch? Bin ich nitt de Winkelried nu- méro deux?

        
",51,jost-d-satisfaction,83,8,0.080125,0.0963855421686747
103,comedy,Caroline Dick,F,,,,"
          
Caroline:

          
Alois, dü bisch e Held, myn Held! Ich habb zwar nitt alles verstehn kenne, awer ich habb g’sæhne, ass Ihr Ejch Ejeri Visitekærtle gænn hann!

        
",51,jost-d-satisfaction,26,3,0.2293333333333333,0.11538461538461539
104,comedy,Alois Has,M,rentier,rentiers,upper_class,"
          
Alois:

          
Ja, denk d'r, er hett myni ma foi akzeptiert!

        
",52,jost-d-satisfaction,10,1,0.0,0.1
105,comedy,Caroline Dick,F,,,,"
          
Caroline:

          
Unn wie kavaliermæssig ass dü dich be- numme hesch! Ganz romantisch!

        
",52,jost-d-satisfaction,13,2,0.0,0.15384615384615385
108,comedy,Caroline Dick,F,,,,"
          
Caroline:

          
Diss nitt grad! Er isch jo noch nitt emool uffg’stande!

        
",54,jost-d-satisfaction,11,1,0.0,0.09090909090909091
109,comedy,Alois Has,M,rentier,rentiers,upper_class,"
          
Alois:

          
Na ja, er hett halt vor lütter Angscht nimmi uffstehn kenne!

        
",54,jost-d-satisfaction,12,4,0.0,0.3333333333333333
110,comedy,Caroline Dick,F,,,,"
          
Caroline:

          
Awer Kavalier isch’r doch, ass’r uff dyni Forderung yngange-n-isch!

        
",55,jost-d-satisfaction,12,2,0.0,0.16666666666666666
112,comedy,Caroline Dick,F,,,,"
          
Caroline:

          
Wie heisst’r denn? «Gaston Sans- faute»! Na, wart, dir wære mir dyni Fæhler schun üsstryewe! Unn Fawrikant isch’r! Wohrschynt’s so e Kriejsgewinnler odder Spekülant!

        
",56,jost-d-satisfaction,29,2,0.074,0.06896551724137931
113,comedy,Alois Has,M,rentier,rentiers,upper_class,"
          
Alois :

          
(fur sich)

          
Nix als wie Malchance, denn Spe- külante schiesse jo selte denæwe! 
(lütt)
: Na, ich wurr’ne schun vun sym Geld erleese! 
(fur sich)
: Odder er noch ehnder mich! Ich maan jetzt schun, ich hætt e Dutzed Kœjle-n-im Büch!

        
",56,jost-d-satisfaction,49,5,0.0,0.10204081632653061
114,comedy,Caroline Dick,F,,,,"
          
Caroline :

          
Cher Alois, ich bin stolz druff, ass dü mich so ritterlich in Schutz nemme dhuesch! Dü sollsch au e g’fitzt’s Schmitzel hann!

        
",57,jost-d-satisfaction,24,3,0.073,0.125
115,comedy,Alois Has,M,rentier,rentiers,upper_class,"
          
Alois :

          
(fur sich)

          
Jo, ’s wurd doch ball ’s letschte sinn uff dere Welt. 
(Sie verschmutze sich.)
 
(Schluss vun d'r 1. Scène.)

        
",57,jost-d-satisfaction,28,2,0.156,0.07142857142857142
116,comedy,Alois Has,M,rentier,rentiers,upper_class,"
          
Alois:

          
Also diss wær diss Plætzel, wo ich myne letschte Schnüfer uff dere bucklichte Welt mache soll! ’s soll arich g’sund sinn, wemm’r in Gottes frejer Nadür unn dezue noch friehj am Daa stærwe dhuet!

          
        
		
",58,jost-d-satisfaction,35,3,0.0,0.08571428571428572
117,comedy,Emile Fettherz,M,rentier,rentiers,upper_class,"
          
Fettherz:

          
’s fraid mich numme, ass de noch e guete Galjehümor hesch!

        
",58,jost-d-satisfaction,12,2,0.3205,0.16666666666666666
118,comedy,Alois Has,M,rentier,rentiers,upper_class,"
          
Alois:

          
Jetzt heert sich doch alles uff! Hümor! Mir isch’s au contraire ganz liederlich ze Muet! ’s Hyroote wær mir, glauw-ich, nitt so schwær an- kumme als wie diss malefizte Düell!

        
",59,jost-d-satisfaction,33,7,0.0,0.21212121212121213
119,comedy,Emile Fettherz,M,rentier,rentiers,upper_class,"
          
Fettherz:

          
Numme kaan Angscht, mon vieux! Dü hesch dich jo drej Daa lang im Schiesse træniert!

        
",59,jost-d-satisfaction,16,3,0.0,0.1875
120,comedy,Alois Has,M,rentier,rentiers,upper_class,"
          
Alois:

          
Ich bitt dich, heer m'r uff! ’s isch e Wunder, ass m'r nitt d’Drummelfeller deby geplatzt sinn! D’r Revolver isch als zyttewyes fyericht heiss worre! ’s raanschte Drummelfyer isch’s e’sinn!

        
",60,jost-d-satisfaction,33,6,0.12883333333333333,0.18181818181818182
122,comedy,Alois Has,M,rentier,rentiers,upper_class,"
          
Alois:

          
Dü hesch guet babble! Stærbsch dü odder stærb ich? Myn Dood isch Blamasch genue fur mich!

        
",61,jost-d-satisfaction,17,2,0.0,0.11764705882352941
123,comedy,Emile Fettherz,M,rentier,rentiers,upper_class,"
          
Fettherz:

          
Denk an d’Madame Caroline, no fallt dir’s noch emool so lycht!

        
",61,jost-d-satisfaction,14,1,0.0,0.07142857142857142
124,comedy,Alois Has,M,rentier,rentiers,upper_class,"
          
Alois:

          
Ja, bildsch denn dü dir yn, ass ich zue mym Plæsier dohere kumme bin! ’s waer ma foi bes- ser, wenn ich nitt so viell an s’e denke dhæt! Ja, e-n-Erpressung isch’s, was do vun mir ver- langt wurd! Ich bring mich noch um ... naan, naan, diss heisst, ich wurr noch verruckt!

        
",62,jost-d-satisfaction,59,7,0.07928571428571429,0.11864406779661017
125,comedy,Emile Fettherz,M,rentier,rentiers,upper_class,"
          
Fettherz:

          
Mir kann so ebbs nitt arrewiere! Ich hy- root nitt, unn wenn ich’s glych vor hætt!

        
",62,jost-d-satisfaction,19,1,0.0,0.05263157894736842
126,comedy,Alois Has,M,rentier,rentiers,upper_class,"
          
Alois:

          
Ah, Emile, dü gemahnsch mich do grad an ebbs! E Teschtament haw-i nitt gross ze mache g’hett, ich habb awer doch an dich gedenkt: Dü sollsch d’Carline mit zamt ihrem Hüss unn Geld hann, wenn ich mit-e-me Loch in d'r Seel nuff in de Himmel dippel! Versprech mir, ass dü d’Carline hyroote dhuesch, wenn ich s’e-n-als myni leddig Witfrau zeruckloss!

        
",63,jost-d-satisfaction,66,9,0.07204334976931115,0.13636363636363635
127,comedy,Emile Fettherz,M,rentier,rentiers,upper_class,"
          
Fettherz:

          
Mensch! Undankbarer! Diss isch also d’r Dank fur myni trej Frindschaft! Liewer will 17 — ich an dym Platz diss Düell hytt üssfæchte, fur ass dü d’Madame Caroline hyroote kannsch.

        
",63,jost-d-satisfaction,32,7,0.10714285714285714,0.21875
128,comedy,Alois Has,M,rentier,rentiers,upper_class,"
          
Alois:

          
Naan, diss geht nitt! D’Caroline will mich jo partout numme no erscht hyroote, wenn ich mich fur ihri Ehr habb doodschiesse lonn! Oh, e wunderbari, e grandiosi Romantik!

        
",64,jost-d-satisfaction,30,4,0.31054095571610857,0.13333333333333333
129,comedy,Emile Fettherz,M,rentier,rentiers,upper_class,"
          
Fettherz:

          
Armer Frind! 
(fur sich)
: Ich glabb myn Seel, ’s wær besser, wenn’r hytt syn Læwe losst, als wie wenn’r sich romantisch verhyraschple dhæt!

        
",64,jost-d-satisfaction,26,5,0.0,0.19230769230769232
130,comedy,Alois Has,M,rentier,rentiers,upper_class,"
          
Alois:

          
Hoffetlich vergesst d'r Monsieur Sansfaute ’s Kumme!

        
",65,jost-d-satisfaction,8,1,0.0,0.125
131,comedy,Emile Fettherz,M,rentier,rentiers,upper_class,"
          
Fettherz:

          
Na, na, diss glauw-ich jetzt doch nitt! Weisch, ich ... Attention! Kopf hoch! ’s kummt ebber! 
(D’r Dr. Messer unn dr M. Mortier kumme. Messer draat e Verbandskaschte, Mor- tier e Revolverlad.)

        
",65,jost-d-satisfaction,35,3,0.19799999999999998,0.08571428571428572
132,comedy,Messer,M,doctor,professionals_scientific_technical,upper_class,"
          
Dr. Messer:

          
Aha, aan Partej isch schun présent! Jetzt fæhlt numme noch d’ander, wenn ich ræcht sieh!

        
",66,jost-d-satisfaction,18,1,0.0,0.05555555555555555
133,comedy,Mortier,M,student,professionals_scientific_technical,upper_middle_class,"
          
Mortier:

          
Allerdings, zwei Parteje miehn’s s’wen- nischt sinn! 
(Allgemaani Begrüessung.)

        
",66,jost-d-satisfaction,15,1,0.0,0.06666666666666667
134,comedy,Alois Has,M,rentier,rentiers,upper_class,"
          
Alois:

          
Bonjour, Monsieur le Docteur! Hann S’e de Doodeschynn schun üssg’fillt ?

        
",67,jost-d-satisfaction,12,1,0.0,0.08333333333333333
136,comedy,Alois Has,M,rentier,rentiers,upper_class,"
          
Alois:

          
Ah, Sie, Herr Schiedsrichter! Hoffetlich ver- saawe-n-Ihri Pischtole-n-im ræchte Moment?

        
",68,jost-d-satisfaction,16,3,0.0,0.1875
137,comedy,Mortier,M,student,professionals_scientific_technical,upper_middle_class,"
          
Mortier:

          
Kaan Angscht! Bis jetzt isch noch jeder zefridde g’sinn, wo mit myne Pischtole dood- g’schosse-n-isch worre!

        
",68,jost-d-satisfaction,20,4,0.0,0.2
138,comedy,Emile Fettherz,M,rentier,rentiers,upper_class,"
          
Fettherz:

          
Dü dærfsch beruehicht sinn, Alois, d'r Mortier isch Fachmann uff dem Ge- biet!

        
",69,jost-d-satisfaction,15,2,0.0,0.13333333333333333
139,comedy,Alois Has,M,rentier,rentiers,upper_class,"
          
Alois:

          
Ich glabb’s gern! ’s isch jo au e grossi Be- ruehichung, wemm’r weiss, ass m'r fachmæn- nisch stærwe dhuet!

          

        
",69,jost-d-satisfaction,23,1,0.219,0.043478260869565216
140,comedy,Messer,M,doctor,professionals_scientific_technical,upper_class,"
          
Dr. Messer :

          
So saa ich au allewyll ! Vun myne Clients isch au noch kaaner schynndood begraawe worre, wenn ich eræcht sieh!

        
",70,jost-d-satisfaction,21,1,0.0,0.047619047619047616
141,comedy,Alois Has,M,rentier,rentiers,upper_class,"
          
Alois:

          
No isch jo alles guet! Wenn im Monsieur Mortier syni Pischtole nitt ganz lange sotte, no isch jo noch allewyll d'r Herr Dokter do, wo mir no de Rescht gitt! Na, ich denk myn Læbdes- daa an myne Dood! Ich glabb, ass noch niemes mit meh Vorsichtsmassrejle g’storwe-n-isch als wie ich!

        
",70,jost-d-satisfaction,55,6,0.0,0.10909090909090909
143,comedy,Alois Has,M,rentier,rentiers,upper_class,"
          
Alois:

          
Oho, ich wurr mich doch noch bedüre dærfe! — Sie, Herr Dokter, fur ass ich’s nitt vergess! Wenn ich dood bin, will ich seziert sinn! Ich will doch wisse, uff was fur e-n-Art ass mich d’Kœjel umgebroocht hett!

        
",71,jost-d-satisfaction,43,5,0.0,0.11627906976744186
144,comedy,Messer,M,doctor,professionals_scientific_technical,upper_class,"
          
Dr. Messer:

          
Avec Plaisir, Monsieur Has, wenn ich eræcht sieh!

        
",72,jost-d-satisfaction,10,1,0.0,0.1
145,comedy,Alois Has,M,rentier,rentiers,upper_class,"
          
Alois:

          
Der fraid sich au! Ich glabb, er kann’s kümm verwarte, bis ass’r mir in mym Büch erumnuehle kann! 
(D’r M. Sansfaute unn d'r M. Hauser kumme.)

        
",72,jost-d-satisfaction,30,2,0.3205,0.06666666666666667
146,comedy,Alois Has,M,rentier,rentiers,upper_class,"
          
Alois :

          
(meh fur sich)

          
Ze-n-isch’r also doch kumme, der Angschthas! Myni letscht Hoffnung geht fleete! Læb wohl, Carline! Ich bin füddi!

        
",73,jost-d-satisfaction,25,4,0.1465,0.16
147,comedy,Hauser,M,student,professionals_scientific_technical,upper_middle_class,"
          
Hauser:

          
Herr Schiedsrichter, isch alles gerischt?

        
",73,jost-d-satisfaction,6,2,0.0,0.3333333333333333
148,comedy,Mortier,M,student,professionals_scientific_technical,upper_middle_class,"
          
Mortier:

          
Ja, ’s kann losgehn! 
(Mortier unn Messer mache-n-ihri Kæschtle-n-uff unn præpariere-n-alles.)

        
",74,jost-d-satisfaction,20,3,0.0,0.15
149,comedy,Hauser,M,student,professionals_scientific_technical,upper_middle_class,"
          
Hauser :

          
Gaston, ich kann dich gar nitt kapiere, ass dü dich iwerhaapt mit so-e-me Mensch düelliere witt! Luej d'r numme diss Bild an! Wie wenn’r kaan Knoche-n-im Lyeb hætt! Der bringt dir kaan Ehr yn!

        
",74,jost-d-satisfaction,37,1,0.6250000000000001,0.02702702702702703
150,comedy,Gaston Sansfaute,M,manufacturer,industry_and_transportation,upper_class,"
          
Sansfaute:

          
Jo, ich versteh’s selwer nitt, worum ich mich mit dem Hiffele-n-Elend yngelonn habb. Awer dü weisch jo, ass grad an sellem Daa bym Renne myn bescht’s Ross g’stirzt isch; unn do haw-i no so e Rœjes g’hett, ass ich m'r g’saat habb, d'r Erscht-Bescht, wo mir hytt krumm kummt, muess mir’s biesse. Na, unn d'r Erscht- Bescht isch no halt diss wacklig Stickel Meewel dort driwe g’sinn!

          

		
",75,jost-d-satisfaction,74,6,0.11716666666666666,0.08108108108108109
152,comedy,Gaston Sansfaute,M,manufacturer,industry_and_transportation,upper_class,"
          
Sansfaute:

          
Der mich? Wenn ich dem Unglickswurm e-n-alte, roschtige Schlittschueh in d’Hand druck, no maant’r au, er kennt mit schiesse!

        
",76,jost-d-satisfaction,23,3,0.0,0.13043478260869565
154,comedy,Alois Has,M,rentier,rentiers,upper_class,"
          
Alois:

          
So? Ich habb als gemaant, ’s soll ererscht losgehn!

        
",77,jost-d-satisfaction,10,1,0.0,0.1
155,comedy,Mortier,M,student,professionals_scientific_technical,upper_middle_class,"
          
Mortier:

          
D’Conditione sinn: finef Schritt Distance unn pro Kopf aan Schuss! D’r Monsieur Has, wo sich fur beleidigt bedracht, darf s’erscht schiesse!

        
",77,jost-d-satisfaction,24,4,0.18083726809652878,0.16666666666666666
156,comedy,Messer,M,doctor,professionals_scientific_technical,upper_class,"
          
Dr. Messer :

          
(fur sich)

          
Diss kann lange fur mich, wenn aaner exakt træfft!

        
",78,jost-d-satisfaction,15,1,0.0,0.06666666666666667
157,comedy,Mortier,M,student,professionals_scientific_technical,upper_middle_class,"
          
Mortier:

          
Hann viellycht d’Herre Sekundante-n-ebbs ynzewende ?

        
",78,jost-d-satisfaction,9,2,0.2225,0.2222222222222222
158,comedy,Alois Has,M,rentier,rentiers,upper_class,"
          
Alois:

          
Ja, ja! Ich will.

        
",79,jost-d-satisfaction,5,2,0.0,0.4
159,comedy,Emile Fettherz,M,rentier,rentiers,upper_class,"
          
Fettherz:

          
Witt dü ’s Müll halte! Do redd ich! — Naan, ich habb nix ynzewende!

        
",79,jost-d-satisfaction,15,2,0.086,0.13333333333333333
160,comedy,Hauser,M,student,professionals_scientific_technical,upper_middle_class,"
          
Hauser :

          
Ich au nitt ! Alois 
(zuem M. Fettherz)
 : Ich wurr schynnt’s gar nimmi g’frœjt? Stærbsch dü odder stærb ich?

        
",80,jost-d-satisfaction,22,1,0.0,0.045454545454545456
161,comedy,Emile Fettherz,M,rentier,rentiers,upper_class,"
          
Fettherz:

          
Diss verstehsch dü nitt! Diss heisst m'r Ehr!

        
",80,jost-d-satisfaction,9,1,0.6250000000000001,0.1111111111111111
163,comedy,Mortier,M,student,professionals_scientific_technical,upper_middle_class,"
          
Mortier:

          
Vor allem frœj ich noch emool, ob kaan Verseehnung in Guetem meh meejlich isch ?

        
",81,jost-d-satisfaction,15,1,0.0,0.06666666666666667
165,comedy,Emile Fettherz,M,rentier,rentiers,upper_class,"
          
Fettherz:

          
Bisch de jetzt ball emool stille! Dü hesch gar nix mit drynzebabble!

		  

        
",82,jost-d-satisfaction,13,1,0.0,0.07692307692307693
166,comedy,Alois Has,M,rentier,rentiers,upper_class,"
          
Alois :

          
Widder emool nitt ! Mir an! Ich bitt dich awer, saa ja! Ich will liewer uff dere scheene Welt in Fridde læwe, als wie uff'm Gottsacker in Fridde schloofe!

        
",83,jost-d-satisfaction,30,10,0.0,0.3333333333333333
167,comedy,Emile Fettherz,M,rentier,rentiers,upper_class,"
          
Fettherz:

          
Bisch de gebickt, Alois! Denk doch an d’Madame Caroline!

        
",83,jost-d-satisfaction,11,1,0.0,0.09090909090909091
168,comedy,Alois Has,M,rentier,rentiers,upper_class,"
          
Alois:

          
Ah so, waije dem brüch ich e Sekundant — fur ass’r mir scheen hælfe dhuet, fur ass ich so g’schwind wie meejlich vun dere g’fitzte Welt abdampf!

        
",84,jost-d-satisfaction,28,3,0.073,0.10714285714285714
169,comedy,Mortier,M,student,professionals_scientific_technical,upper_middle_class,"
          
Mortier:

          
Does Fettherz, ich pass uff Ihri Ant- wort!

        
",84,jost-d-satisfaction,10,2,0.0,0.2
170,comedy,Emile Fettherz,M,rentier,rentiers,upper_class,"
          
Fettherz:

          
D’r Monsieur Has nemmt Abstand vum Düell, wenn sich d'r Monsieur Sansfaute by ihm exküsiere dhuet!

        
",85,jost-d-satisfaction,17,2,0.0,0.11764705882352941
171,comedy,Alois Has,M,rentier,rentiers,upper_class,"
          
Alois :

          
(fur sich)

          
Diss hett’r nitt schlæcht gemacht! Ich dhæt’s awer au ohne-n-Exküs mache!

        
",85,jost-d-satisfaction,19,2,0.0,0.10526315789473684
173,comedy,Hauser,M,student,professionals_scientific_technical,upper_middle_class,"
          
Hauser :

          
Unter kaanere Bedingung ! D’r Monsieur Sansfaute hett sich noch nie exküsiert!

        
",86,jost-d-satisfaction,12,1,0.0,0.08333333333333333
174,comedy,Alois Has,M,rentier,rentiers,upper_class,"
          
Alois :

          
(fur sich)

          
Baddabing! Do haw-ich jetzert de Salat! 
(zuem M. Fettherz)
: Emile, dü bisch schuld an mym Dood! Saa s’wennischt im Schiedsrichter, ass’r mich bym Schiesse vier Schritt soll vorgehn lonn, denn d'r Monsieur Sansfaute isch jo numme halb so dick als wie ich! Ich muess also viell besser ziele-n-als wie er!

        
",87,jost-d-satisfaction,60,4,0.08204095571610857,0.06666666666666667
176,comedy,Mortier,M,student,professionals_scientific_technical,upper_middle_class,"
          
Mortier:

          
No also los! 
(Jeder Sekundant nemmt e Revolver üss d'r Lad, luejt’ne nooch unn gitt’ne sym Düellant.)

        
",88,jost-d-satisfaction,20,2,0.2385,0.1
177,comedy,Alois Has,M,rentier,rentiers,upper_class,"
          
Alois:

          
Revelverle! Mach dyn Sach guet! Glych d’erscht Kœjel muess treffe — odder au nitt!

        
",88,jost-d-satisfaction,16,1,0.0,0.0625
178,comedy,Mortier,M,student,professionals_scientific_technical,upper_middle_class,"
          
Mortier:

          
Jetzt wurd d’Distance abgemesse! 
(Messt 5 Schritt ab.)
 Alois 
(zuem M. Fettherz)
 : Oh je! Was der fur klaani Schrittle macht! Dærf ich se nitt mache? E jeder dhæt zwanzig Mæter lang wære! Do kamm’r jo noch nitt emool de-n-Arm eræcht grad mache, wenn der so gyzig messe dhuet!

          

		
",89,jost-d-satisfaction,56,6,0.0,0.10714285714285714
179,comedy,Emile Fettherz,M,rentier,rentiers,upper_class,"
          
Fettherz:

          
Sej stille! Er weiss schun, was’r macht!

        
",89,jost-d-satisfaction,8,2,0.0,0.25
180,comedy,Alois Has,M,rentier,rentiers,upper_class,"
          
Alois:

          
Ja, mich hin!

        
",90,jost-d-satisfaction,4,2,0.0,0.5
181,comedy,Mortier,M,student,professionals_scientific_technical,upper_middle_class,"
          
Mortier:

          
So! Welle die Herre jetzt an ihri Plætz gehn!

        
",90,jost-d-satisfaction,10,1,0.0,0.1
182,comedy,Alois Has,M,rentier,rentiers,upper_class,"
          
Alois :

          
(fur sich)

          
’s fehlt numme noch, ass’r saat: « Bitte recht freundlich! » 
(D’Düellante stelle sich vis-à-vis uff, d’Sekundante im-e’n-Abstand devun unn d'r Schiedsrichter in d’r Middle-n-üsswærts.)

        
",91,jost-d-satisfaction,37,8,0.090875,0.21621621621621623
184,comedy,Alois Has,M,rentier,rentiers,upper_class,"
          
Alois:

          
In Gott’s Namme denn! Læb wohl, Carline!

        
",92,jost-d-satisfaction,9,2,0.1095,0.2222222222222222
185,comedy,Mortier,M,student,professionals_scientific_technical,upper_middle_class,"
          
Mortier:

          
Aans! — Zwei! — Drej! 
(D’r M. Has nemmt e ganz unmeejlichi Pos yn, zielt mit’m Revolver viell ze hoch, luejt deby in e ganz anderi Direktion unn schiesst. D’r M. Sansfaute steht ruehjich do.)

        
",92,jost-d-satisfaction,39,5,0.11879999999999999,0.1282051282051282
187,comedy,Messer,M,doctor,professionals_scientific_technical,upper_class,"
          
Dr. Messer:

          
Wenn ich eræcht sieh, ze süst d’Kœjel noch durich d’Luft! Die macht mir kaan Travail meh!

        
",93,jost-d-satisfaction,20,1,0.0,0.05
189,comedy,Alois Has,M,rentier,rentiers,upper_class,"
          
Alois:

          
Halt! ’s gælt nitt! D’r Revolver isch krumm! Drejmool isch Bueweræcht!

        
",94,jost-d-satisfaction,12,2,0.0,0.16666666666666666
191,comedy,Mortier,M,student,professionals_scientific_technical,upper_middle_class,"
          
Mortier:

          
Attention! D’r Monsieur Sansfaute kummt dran! Aans! — Zwei! — Drej! 
(D’r M. Has dræhjt, buckt sich unn hüpst riwer unn niwer unn briehlt deby: «Oh! Oh! Nitt! Nitt! Nitt schiesse! Halt! Ich ergibb mich! »)
 Sansfaute 
(wo schun gezielt hett, nemmt de Revolver widder erabb, geht g’schwind uff de M. Has los unn gitt'm zwei Ohrfeje)
: Da! Da! Do hann Sie Satisfaktion! ’s isch mir jo nie yng’falle, uff Sie ze schiesse! Ich habb numme sæhn welle, was fur e Held ass Sie sinn!

          

		
",95,jost-d-satisfaction,92,9,0.09122222222222222,0.09782608695652174
192,comedy,Hauser,M,student,professionals_scientific_technical,upper_middle_class,"
          
Hauser :

          
Bravo ! So isch’s eræcht ! 
(D’r M. Sansfaute wærft de Revolver ins Gras unn geht mit’m M. Hauser ab.)

        
",96,jost-d-satisfaction,23,1,0.0,0.043478260869565216
193,comedy,Mortier,M,student,professionals_scientific_technical,upper_middle_class,"
          
Mortier:

          
Halt! Diss isch unvorschriftsmæssig! Ich proteschtier!

        
",96,jost-d-satisfaction,7,1,0.0,0.14285714285714285
194,comedy,Emile Fettherz,M,rentier,rentiers,upper_class,"
          
Fettherz:

          
Sofortigi Satisfaktion bis zuer Kampf- unfæhigkeit! Alois 
(wo bis jetzt ganz starr dog’stande-n-isch, ganz verklært)
 : Sinn Ihr denn verruckt! Lonn s’e doch laufe! Ich exküsier’ne-n-alles! 
(D’Madame Caroline kummt in dem Moment zwische de Baim evor.)

        
",97,jost-d-satisfaction,47,8,0.15427047785805428,0.1702127659574468
195,comedy,Caroline Dick,F,,,,"
          
Caroline:

          
Isch’s Düell schun fini? Unn dü læbsch noch, myn dapfer’s Mænnel ! Dü Held ! D’r ander isch also dood! Wo isch’r? Hann s’e’ne sehun furtg’spediert?

        
",97,jost-d-satisfaction,28,3,0.11466666666666665,0.10714285714285714
196,comedy,Messer,M,doctor,professionals_scientific_technical,upper_class,"
          
Dr. Messer:

          
Madame, wenn ich eræcht sieh, ze hett’s leider kaan Doodi gænn; noch nitt emool e Bles- sierter! Leider!

        
",98,jost-d-satisfaction,22,4,0.0,0.18181818181818182
197,comedy,Caroline Dick,F,,,,"
          
Caroline:

          
Was? Ich habb awer doch schiesse heere! Alois, hesch dü’ne-n-am End nitt getroffe? Odder isch’r üssgerisse, der Grobian?

        
",98,jost-d-satisfaction,21,1,0.0,0.047619047619047616
198,comedy,Emile Fettherz,M,rentier,rentiers,upper_class,"
          
Fettherz:

          
Madame, d'r Monsieur Has hett’ne leider nitt getroffe, awer... Alois 
(als noch ganz verklært)
 : Liewi Carline! Gol- dichi Carline! Denk dr numme, was d'r Mon- sieur Sansfaute fur e fynner Mann isch! E grossmietiger Mann! E’n-Edelmann! Wo ich’ne nitt getroffe habb g’hett, no hætt er doch mich doodschiesse kenne! Nitt? Was macht’r awer! Er kummt uff mich zue, schlaat mir zwei uff de Backe unn losst mich nohderd laufe! Unn deby hatt’r doch grad so guet uff mich schiesse kenne wie ich uff ihnne! E fynner Mann! E grossmietiger Mann! E’n-Edelmann!

          

		
",99,jost-d-satisfaction,98,17,0.0,0.17346938775510204
199,comedy,Caroline Dick,F,,,,"
          
Carline:

          
Ah so, Monsieur! Unn ich bin e’n-Edelfrau! 
(Langt’m zwei Ohrfeje unn geht stolz ab. D’r M. Has steht bis zuem Schluss versteinert do.)

        
",99,jost-d-satisfaction,28,2,0.0,0.07142857142857142
200,comedy,Emile Fettherz,M,rentier,rentiers,upper_class,"
          
Fettherz:

          
Diss hesch de jetzt devun, dü Angschthas! 
(Langt’m au zwei unn geht ab.)

        
",100,jost-d-satisfaction,17,1,0.0,0.058823529411764705
202,comedy,Messer,M,doctor,professionals_scientific_technical,upper_class,"
          
Dr. Messer:

          
Unn ich — ich schick Ihnne d’Rechnung am erschte Jænner, wenn ich eræcht sieh! 
(Ab.)

        
",101,jost-d-satisfaction,20,1,0.0,0.05
203,comedy,Alois Has,M,rentier,rentiers,upper_class,"
          
Alois:

          
Hætt’r mir liewer au zwei gelangt!
(fallt verzwyefelt ins Gras unn hyllt)
: Oh, Carline! Ich bin verlore ! Ich bin e romantisch’s Opfer mit Patentknepf! 
(Fin.)

        
",101,jost-d-satisfaction,31,6,0.1869578576512196,0.1935483870967742
