Unnamed: 0,drama_type,speaker,sex,job,job_category,social_class,text,progress,short_name,numTokens,numLexTokens,avgLexVal,lexRatio
0,comedy,Georg Lügenbühler,M,taylor,crafts,lower_middle_class,"
          
Georg:

          
Ja.

        
",0,kleisecker-dr-schnider-von-gambse,2,1,0.0,0.5
1,comedy,Therese,F,,,,"
          
Therese :

          
(eintretend)

          
Jo! jo ’s het alles sin Ursach, sell isch jetzt wohr, Dü kannsch jo nix derfür, daß ’s Pulver erfunde isch worre, Dü dummer Bebelenz, daß d' bisch, sunsch kenntschte nit helluff singe, am nämliche Tag, wo m'r jede Aueblick ze erwarte het üs em Hisel nüs g'schmisse ze wäre un am End gar noch in’s Rappele ze kumme.

        
",0,kleisecker-dr-schnider-von-gambse,64,6,0.024666666666666667,0.09375
2,comedy,Georg Lügenbühler,M,taylor,crafts,lower_middle_class,"
          
Georg :

          
(singt)

          
Was nit wohr isch, saat m'r isch e Fabel, Alli Wibslitt han e scharfe Schnabel.

        
",1,kleisecker-dr-schnider-von-gambse,19,3,0.0,0.15789473684210525
3,comedy,Therese,F,,,,"
          
Therese :

          
Jo, ’s isch währli au nothwendi, wenn m'r so e glich- gildicher Mann het, wo als furt ’s nemli G'sicht macht, ob d'Sunn schinnt odder ebs Katze hagelt, ob ’s guet geht oder schlecht.

        
",1,kleisecker-dr-schnider-von-gambse,37,7,0.02457142857142857,0.1891891891891892
4,comedy,Georg Lügenbühler,M,taylor,crafts,lower_middle_class,"
          
Georg:

          
Zuefriddeheit macht ’s Glück vum Mensche üs, mit Brummle un Muere, macht mr nix besser.

        
",2,kleisecker-dr-schnider-von-gambse,16,3,0.17200000000000001,0.1875
5,comedy,Therese,F,,,,"
          
Therese :

          
Jo, wenn m'r durch sini Dummheit d'ganz Menage ze Grund gericht het.

        
",2,kleisecker-dr-schnider-von-gambse,14,2,0.0,0.14285714285714285
7,comedy,Therese,F,,,,"
          
Therese:

          
Isch's am End nit wohr, daß Dü durch Dinni dumm Guetheit jetzt kenn Pfenni Geld me hesch, aber Schulde über Hals und Kopf.

        
",3,kleisecker-dr-schnider-von-gambse,25,4,0.0,0.16
9,comedy,Therese,F,,,,"
          
Therese :

          
Mit dinnere Geduld kenne m'r noch bettle gehn, zerscht lehn'sch dim Brueder dine ganze Teil vum elterliche Vermeje un er geht in's Frankrich nin.

        
",4,kleisecker-dr-schnider-von-gambse,26,5,0.0954,0.19230769230769232
10,comedy,Georg Lügenbühler,M,taylor,crafts,lower_middle_class,"
          
Georg :

          
Nur Geduld! Dr Jean isch erkenntli, er wurd mr helfe, ich hab'm jo mini Misere g'schriewe.

        
",5,kleisecker-dr-schnider-von-gambse,18,1,0.0,0.05555555555555555
11,comedy,Therese,F,,,,"
          
Therese :

          
Jo, do kannsch de warte bis anno Tuwack, der denkt nit an Dich, zum zweite bisch im Schriner-Marti Bürri for zweidöusig Liewer un der loßt Dr sie am Hals und Dü kannsch nit zahle.

        
",5,kleisecker-dr-schnider-von-gambse,35,3,0.04933333333333333,0.08571428571428572
12,comedy,Georg Lügenbühler,M,taylor,crafts,lower_middle_class,"
          
Georg:

          
Er isch kenn Lump, sunsch hätt'i die Bürgschaft nit angenumme ; er wurd sie schun zahle; übermorje hett er Hochzitt mit's Tannebüere Nanni, die het Spähne, er wurd schun bezahle, wenn er sin Hochzittskleid au bezahlt.

        
",6,kleisecker-dr-schnider-von-gambse,37,3,0.0,0.08108108108108109
13,comedy,Therese,F,,,,"
          
Therese:

          
Ja, wenn Dü un ich bettelarm sin un im Loch sitze weje Schulde ; het dr Krämermathiß au Geduld mit Dir ? — He! Gell, der isch bal alle Daa do und luejt, ob ebs ze hole isch.

        
",6,kleisecker-dr-schnider-von-gambse,37,2,0.0,0.05405405405405406
14,comedy,Georg Lügenbühler,M,taylor,crafts,lower_middle_class,"
          
Georg:

          
Des isch e Fehler g'sin, daß ich bi ihm Geld gelehnt hab. Awer sunsch, dies muesch doch selwer saue, ich hab doch kenn Geld vervohn un verschwendt ; i hab g'schafft, wenn i Arweit hab g'hett, ich bin doch kenn Lump un Verschwender.

        
",7,kleisecker-dr-schnider-von-gambse,43,4,0.0,0.09302325581395349
15,comedy,Therese,F,,,,"
          
Therese :

          
Dü — Isch des kenn Verschwendung, wenn m'r sin für verdients Geld Andere anekeit, daß sie ihri Plän üsführe kenne. Do kenn ich kenn Unterschied. Andri sin growi Lumpe un Dü bisch e finer, awer e dummer Lump, Dü bisch kenn Mann, verstesch mi.

        
",7,kleisecker-dr-schnider-von-gambse,45,5,0.0,0.1111111111111111
16,comedy,Georg Lügenbühler,M,taylor,crafts,lower_middle_class,"
          
Georg:

          
Theres griff mi nit an der Ehr an, Dü weisch, daß i des nit vertraje kann. Wenn i au Unglück hab g'hett, so mueß mi doch jedermann respektiere un kann mr niemes ebs schlechts nochredde. Drum halt i ebs uff mine Charakter un -

        
",8,kleisecker-dr-schnider-von-gambse,45,7,0.19642857142857142,0.15555555555555556
17,comedy,Therese,F,,,,"
          
Therese:

          
Des isch ewe Din dummer Eigedünkel, Dü meinsch alsfurt, Dü bisch ebs, Dü bild'sch Dir in, Dü seisch im Bismarck sin Better und hesch e Grattel wie e franzescher Kochhafe, und —

        
",8,kleisecker-dr-schnider-von-gambse,33,1,0.0,0.030303030303030304
18,comedy,Georg Lügenbühler,M,taylor,crafts,lower_middle_class,"
          
Georg :

          
(aufspringend)
 Theres jetzt halt's Mül, Dü weisch wenn i wild wurr, kenn i mi nimm, i bin e wiefer Kerl, so geduldi wie i sunsch bin.

        
",9,kleisecker-dr-schnider-von-gambse,30,3,0.2776605228431113,0.1
19,comedy,Therese,F,,,,"
          
Therese:

          
Vor Dir hab i kenn Angscht, Dü Jäschtes, Dü wursch doch nit meine, daß ich Dich fercht. Bor dim dumme Hochmut hab i kenn Respekt, im Gejedeil. Georg 
(springt vom Tisch herunter, wirft die Arbeit weg und sagt)
 : Ze schaff au, wenn d'mi nit reschpektiere witt, geh Dü süchsch nix als Unfridde und des isch unser Unglück.

        
",9,kleisecker-dr-schnider-von-gambse,61,9,0.19533333333333333,0.14754098360655737
21,comedy,Georg Lügenbühler,M,taylor,crafts,lower_middle_class,"
          
Georg:

          
(nimmt den Besen)

          
Geh nüs! un loß mi in Rüeh oder ich geh furt un loß alles leje, schamsch bi net so ze redde. — Allons nüs.

        
",10,kleisecker-dr-schnider-von-gambse,30,2,0.0,0.06666666666666667
22,comedy,Therese,F,,,,"
          
Therese:

          
Hahaha, was wit denn Dü mir befehle. 
(Sie reißt ihm den Besen aus der Hand. Georg flüchtet unter den Tisch.)
 Do sehner dene Hasefueß mit siner Courage.

        
",11,kleisecker-dr-schnider-von-gambse,30,1,0.0,0.03333333333333333
23,comedy,Georg Lügenbühler,M,taylor,crafts,lower_middle_class,"
          
Georg:

          
Theres, ich fröj Dich ein for allemol : Wer isch Meister im Hüs, ich oder Dü?

        
",11,kleisecker-dr-schnider-von-gambse,16,3,0.0,0.1875
24,comedy,Therese,F,,,,"
          
Therese :

          
Dü bisch Meister, Dü, ich sa jo nix derwidder, m'r sieht's jo an dinere Stellung. Ja ja! kumm nur evor, i tue Dir nix. Georgele, i sieh ohnedes der Krämermathis ufs Hüs zuekomme, for dem kannsch Dini Courage zeie, der will leuje, ob er Geld bekummt; Gück, ob de mit dem ferti wursch.

        
",12,kleisecker-dr-schnider-von-gambse,55,6,0.0,0.10909090909090909
25,comedy,Georg Lügenbühler,M,taylor,crafts,lower_middle_class,"
          
Georg :

          
(springt vor, sitzt auf den Tisch und näht)

          
Ich saa Dir, jetzt kenn Dummheite, halt zue mix, s'isch alles sunsch verlore.

        
",12,kleisecker-dr-schnider-von-gambse,25,3,0.0,0.12
27,comedy,Georg Lügenbühler,M,taylor,crafts,lower_middle_class,"
          
Georg:

          
Theres blie do un helf mir, Dü hesch e Mundstück wie e Bachstelz, Dich fercht er, un zue dem, Dü hesch mich in e Bivität gebrocht, ich fercht ’s g'schieht e Unglück; ich kennt Alles zusammeschlaue.

        
",13,kleisecker-dr-schnider-von-gambse,37,4,0.1875,0.10810810810810811
28,comedy,Therese,F,,,,"
          
Therese :

          
Na, mint'wege, ich will numme sehn, was diß for e Sauce gitt.

        
",14,kleisecker-dr-schnider-von-gambse,13,2,0.0,0.15384615384615385
29,comedy,Mathias Zwicker,M,merchant,service_and_sales,lower_middle_class,"
          
Mathis :

          
Guete Daa bisamme, schun so flissi, do wurd g'schafft, do wurd Geld verdient.

        
",14,kleisecker-dr-schnider-von-gambse,14,3,0.0,0.21428571428571427
30,comedy,Georg Lügenbühler,M,taylor,crafts,lower_middle_class,"
          
Georg :

          
Spettle nit, Mathis, mr wisse wie Ihr's meine un wisse au worum Ihr kumme.

        
",15,kleisecker-dr-schnider-von-gambse,16,2,0.0,0.125
31,comedy,Mathias Zwicker,M,merchant,service_and_sales,lower_middle_class,"
          
Mathis:

          
Will i Euch gescht widder nit getroffe hab. Wie steht's ? kennt ich jetzt endli zue mim Geld kumme ?

        
",15,kleisecker-dr-schnider-von-gambse,20,4,0.07425,0.2
32,comedy,Therese,F,,,,"
          
Therese :

          
Jo, wenn mer's hätte, woher nemme un nit stehle. Wo nix isch hett d'r Krämermathis ’s Recht verlore.

        
",16,kleisecker-dr-schnider-von-gambse,20,3,0.0,0.15
33,comedy,Mathias Zwicker,M,merchant,service_and_sales,lower_middle_class,"
          
Mathis:

          
Ihr brüche net so spöttisch ze redde ; ’s gilt Ernst. Jett wo der Herr Schneiderschorsch endli emol ze treffe isch, denn einmol isch er in der Stadt im Tuechlade, ’s andermol isch er gange anprobiere, ’s drittemol isch er uff der Geldjagd. Jett welle mir endli emol sueche in's Reine ze kumme, denn ’s wär jetzt endli Zitt.

        
",16,kleisecker-dr-schnider-von-gambse,60,8,0.111375,0.13333333333333333
34,comedy,Georg Lügenbühler,M,taylor,crafts,lower_middle_class,"
          
Georg :

          
Mathis, han Geduld : Ihr wäre bezahlt, so wohr als ich do sitz. Therese 
(zu Georg)
 : I saa noch emol, woher nemme ? Zei redd emol, Dü bisch jo so e Finanz-Genie, Dü schmisch s'Geld im Große nüs, lensch heere, bisch Bürri fur Anderi, weisch jetzt au, wie de dini Schulde decke wit ?

        
",17,kleisecker-dr-schnider-von-gambse,55,4,0.0,0.07272727272727272
35,comedy,Georg Lügenbühler,M,taylor,crafts,lower_middle_class,"
          
Georg :

          
(erzürnt)

          
Theres mach mi nit wild. Un Ihr Krämer- mathis, han Geduld, Ihr wisse, daß i au Geld drüsse stehn hab, ich bekumm's widder un wur bezahle.

        
",17,kleisecker-dr-schnider-von-gambse,32,3,0.306327189509778,0.09375
36,comedy,Mathias Zwicker,M,merchant,service_and_sales,lower_middle_class,"
          
Mathis:

          
Geld üsstehn ! füli Poste, wenn Ihr's au schun hätte. Geduld, haha, wie oft het m'r diß der geduldi Schnie- der schun g'saat, aber mit Geduld bezahlt mr mich nit; ich will emol min Geld, sapristi! noch emol. 
(schlägt auf den Tisch)

        
",18,kleisecker-dr-schnider-von-gambse,46,4,0.0,0.08695652173913043
37,comedy,Therese,F,,,,"
          
Therese :

          
Eh! Eh! nur langsam, Mathis 
(sie steht auf)
.

        
",18,kleisecker-dr-schnider-von-gambse,11,2,0.0,0.18181818181818182
38,comedy,Georg Lügenbühler,M,taylor,crafts,lower_middle_class,"
          
Georg :

          
(gleich zornig)
 Oho! numme e bissele doucement. In mim Hüs, wurd nit so gedewert, oder cru tonnerre! i vergiß mich! 
(springt ab)

        
",19,kleisecker-dr-schnider-von-gambse,27,2,0.0,0.07407407407407407
39,comedy,Mathias Zwicker,M,merchant,service_and_sales,lower_middle_class,"
          
Mathis :

          
In Eurem Hüs ? Haha, wo jeder Ziegel verschulde isch. Lueg emol, wie lang daß Ihr noch in Eurem Hisel kampiere ; es isch alles schun ferti. Dr Hüssier kann jedi Stund kumme ; ich hab numme noch e letschtsmol welle sehn, ob am End doch noch bezahlt wurd, awer jetzt —

        
",19,kleisecker-dr-schnider-von-gambse,50,5,0.0,0.1
40,comedy,Georg Lügenbühler,M,taylor,crafts,lower_middle_class,"
          
Georg:

          
Nüs! Mille de bongre! Alter Wucherer! numme nüs, diß loß ich mir nit g'falle 
(er stößt ihn zur Thür hinaus. Therese wehrt ab)

        
",20,kleisecker-dr-schnider-von-gambse,26,2,0.0,0.07692307692307693
41,comedy,Therese,F,,,,"
          
Therese :

          
Georg, sei verständi, stell kenn Unglück an!

        
",20,kleisecker-dr-schnider-von-gambse,8,2,0.375,0.25
42,comedy,Mathias Zwicker,M,merchant,service_and_sales,lower_middle_class,"
          
Mathis :

          
(unter der Thüre)
 Des soll Euch gedenke. Hit nacht schlofe-n-r im Rappele — — Ihr Lumpepack! elends !

        
",21,kleisecker-dr-schnider-von-gambse,22,2,0.0,0.09090909090909091
44,comedy,Georg Lügenbühler,M,taylor,crafts,lower_middle_class,"
          
Georg :

          
(allein)

          
Sapristi un kenn End! Bal hätt's e Unglück genn. I hätt ne grad erwürgt, wenn i ne an der Gurgel kriegt hätt. I zitt'r noch an Lieb und Seel, so hett mich der Ufftritt in Zorn gebrocht. Der elend Gizhals, het's Geld en masse und zieht mr de Hals zue. Er hett Freid dran, mich ze ruiniere, un ich weiß au worum. Will i in de letschte Wahle im Löwe öffentli uffgetrette bin gege die Wucherer, o mini Vivität, min Zorn, der het mr schon manche dumme Streich g’spielt. Der Zorn, der Zorn! Wenn i numme emol denne bemeistere könnt; ich suech im durch Geduld de Hals zebreche, awer do komme als widder Mo- mente, wo ’s mir wie im e Kochhafe kocht, uff einmol der Deckel e sprengt und alles iwerläuft un Unheil anstellt üwer Unheil. — Was wurd jetzt widder komme. Mille de bongre, der Wucherer isch alles im Stand, wer weiß, ob mir am End nit noch hit nüs g'schmisse wäre oder von der Polizei ab- g'führt, do däht i mi awer wehre, au tonnerre! — Ha, armseliger Schnieder. Diner Zorn däht's Unglück noch größer mache, denn in mim einfältige Zorn bin i schun manchmol so fuchsteufelswild worre, daß i minner selbsch nimmer mächtig bin. Awer jetzt will i sehn, ob's mit Geduld und heiterm Sinn nit besser geht. Jo, jo, Schnieder, hesch als gemeint, bisch e moralischer Mensch, d. h. einer der e bissel besser isch als anderi ehrliche Mitburjer, dis isch der Hochmuet, un der bringt dich zum Zorn, sobal einer dir in's Garn lauft; Awer Theres het erecht: Dü bisch e in- gebildter Plebs. Dis het mi g'stoche, wie sie mir dis g'saat het, 's isch grad g'sin, wie wenn sie mir mit 'm Messer in- wendi ebs durchschniede tät. Diß isch d'r Hochmuet g'sin. Ehrg'fiel mueß m'r henn, awer i mueß acht genn, daß der Hochmuet nit am Ehrg'fiel. festwachst. Drum isch's manch- mol ganz guet, wenn so e kleins Donnerwetter kommt, daß m'r nit ze übermütig wurd. —

        
",22,kleisecker-dr-schnider-von-gambse,351,42,0.07738095238095238,0.11965811965811966
45,comedy,Therese,F,,,,"
          
Therese :

          
(streckt den Kopf zum Fenster herein)

          
Schorsch! Er isch furt; der hett abscheili gethon, un wenn er alles üsführt, was er g'schwore hett, ze geht's uns hitt noch schlecht ; i will jetzt niewer zue der G'schwei un sehn, ob der Mathis jo am End d'Polizei holt, un schaff Dü unterdesse numme ruhig furt, daß im Martin sini Hose ferti werde.

        
",22,kleisecker-dr-schnider-von-gambse,65,3,0.22666666666666668,0.046153846153846156
46,comedy,Georg Lügenbühler,M,taylor,crafts,lower_middle_class,"
          
Georg :

          
Jo, geh' numme, liebs Theresele! I mueß jetzt widder e bissele arti sin mit Ihre, denn i mein als, i wur Sie bal brüche. I mein als, uns geht's in kurzer Zitt e bissele schlecht un e verständige Frau het schon manchmol im e tappige Mann üs der Klemm g'holfe — jetzt awer schaffe, sapristi, daß der Martin sini Hose bekummt, sunsch kann er nit Hochzitt mache.

        
",23,kleisecker-dr-schnider-von-gambse,69,7,0.0,0.10144927536231885
47,comedy,Toni Brüllberger,M,choir_member,associative_world,,"
          
Toni :

          
(springt herein)

          
Salü Schorsch! Lüj, wie der druf los räumert, mr däht meine wunder was pressants daß er hett.

        
",23,kleisecker-dr-schnider-von-gambse,22,3,0.4166666666666667,0.13636363636363635
48,comedy,Georg Lügenbühler,M,taylor,crafts,lower_middle_class,"
          
Georg:

          
Pressant? zell will i meine, im Schriner sini Hoch- zitskleider !

        
",24,kleisecker-dr-schnider-von-gambse,12,2,0.297,0.16666666666666666
49,comedy,Toni Brüllberger,M,choir_member,associative_world,,"
          
Toni:

          
Potz Gewitter noch e mol, was ? Des trefft sich güt, do wursch de wohl nit andersch könne, wursch müesse mit- mache. Grad wejeder Hochzitt kumm i zu dir.

        
",24,kleisecker-dr-schnider-von-gambse,30,6,0.14066666666666666,0.2
50,comedy,Georg Lügenbühler,M,taylor,crafts,lower_middle_class,"
          
Georg:

          
Wieso? Was solls denn genn? soll i am End fer- viere bim Esse ?

        
",25,kleisecker-dr-schnider-von-gambse,15,1,0.0,0.06666666666666667
51,comedy,Toni Brüllberger,M,choir_member,associative_world,,"
          
Toni:

          
Nein, dr Gesangverein soll ebs singe, e Ständerle, un ich un du solle zell Duette singe, het dr Präsident g'saat, weisch s'Hochzittsduettel: Was e scheene Zit, wenn zwei bravi Lit. — Na! wit mit mache?

        
",25,kleisecker-dr-schnider-von-gambse,37,5,0.0,0.13513513513513514
52,comedy,Georg Lügenbühler,M,taylor,crafts,lower_middle_class,"
          
Georg:

          
Singe isch min Freid, awer sapperlot, wenn i numme die Hose schun ferti hät, un dr Frack isch au erscht ze Fade gschlaa un üwermorje isch Hochzitt, un wer weiß, o jerum, wer noch kummt villicht hit noch. 
(seufzt)

        
",26,kleisecker-dr-schnider-von-gambse,42,4,0.11125,0.09523809523809523
53,comedy,Toni Brüllberger,M,choir_member,associative_world,,"
          
Toni:

          
Was hesch de denn ze sitze un ze krächze, mer däht meine, du hesch dr Bendelwurm. So e Schnieder wi Dü bisch, bringt doch alles ferti.

        
",26,kleisecker-dr-schnider-von-gambse,27,1,0.0,0.037037037037037035
54,comedy,Georg Lügenbühler,M,taylor,crafts,lower_middle_class,"
          
Georg :

          
Dü hesch güt rede, Dü stecksch in güete Hose, bi mir awer rauchts in alle Ecke, hitt kenne m'r noch viel erlewe. O jeh! o jeh!

        
",27,kleisecker-dr-schnider-von-gambse,27,2,0.0,0.07407407407407407
55,comedy,Toni Brüllberger,M,choir_member,associative_world,,"
          
Toni:

          
Des isch e Gekrächs un e Gemachs, ze saa doch, was-'s isch, kann ich dir helfe ? Saa mirs, süm di nit.

        
",27,kleisecker-dr-schnider-von-gambse,23,2,0.0,0.08695652173913043
56,comedy,Georg Lügenbühler,M,taylor,crafts,lower_middle_class,"
          
Georg:

          
D'Polizei sitt m'r uf-'m Hals, 's Hisel isch verpfändt, grad durch die Bürgschaft vom Schniedermartin, wo ich hab bezahle müesse, wo i Geld vum Krämermathis' uff- genumme hab, un jetz zieht er m'r d'Gurgel zue, hitt noch kann alles zammekrache, kenn Stier un nix isch bezahlt. O jeh, was soll i anfange! S'isch züem Verzwifle.

        
",28,kleisecker-dr-schnider-von-gambse,61,6,0.0,0.09836065573770492
57,comedy,Toni Brüllberger,M,choir_member,associative_world,,"
          
Toni:

          
Jo, jo, wenn des isch, hm, hm, so tief geht min Elle- böje au nit, awer viellicht kann i doch ebs mache. I wur mit'm Martin redde unter vier Aue, sini Hochzittere isch e rechts Maidel, er wurd's schun inrichte kenne, jo, jo, es wurd schun gehn. Allons, Schnieder, lusti, nit verzwatzelt, stolz, Herrschaft von Benfeld, macht der e Armsündergsicht, m'r meint er het Kritzspinne gfresse.

        
",28,kleisecker-dr-schnider-von-gambse,70,9,0.09558306951887041,0.12857142857142856
58,comedy,Georg Lügenbühler,M,taylor,crafts,lower_middle_class,"
          
Georg:

          
Dü weisch nit, wie mir ze Müet isch, stell Dich in mine Platz.

        
",29,kleisecker-dr-schnider-von-gambse,14,3,0.0,0.21428571428571427
59,comedy,Toni Brüllberger,M,choir_member,associative_world,,"
          
Toni:

          
Allons, stell Dü Dich an dene Plag un sing mit mir des Hochzittsduettel, will sehn, obs noch geht, Allons marsch, kumm vum Bock, Dich mien mr bi der Hochzitt han, daß der Gsangverein Ehr inleijt, un wenn alli Bredel breche, ze müesch Dü derzue. Also here jetzt.

        
",29,kleisecker-dr-schnider-von-gambse,48,9,0.112,0.1875
60,comedy,Georg Lügenbühler,M,taylor,crafts,lower_middle_class,"
          
Georg :

          
Na, schlechter kanns ellewej nit wäre, wenn i au e bissel sing, im Gejedeil, es heitert mich uff, awer wenn's d'Therese hört, mille de bongre.

        
",30,kleisecker-dr-schnider-von-gambse,28,4,0.0,0.14285714285714285
61,comedy,Toni Brüllberger,M,choir_member,associative_world,,"
          
Toni:

          
Jetzt ken Mucketänz gemacht, vorwärts! 
(stimmt an)

        
",30,kleisecker-dr-schnider-von-gambse,10,1,0.0,0.1
63,comedy,Toni Brüllberger,M,choir_member,associative_world,,"
          
Toni:

          
(singt mit kräftiger Stimme)

          
O schöni Zit, wenn bravi Litt - -

        
",31,kleisecker-dr-schnider-von-gambse,15,4,0.045,0.26666666666666666
64,comedy,Georg Lügenbühler,M,taylor,crafts,lower_middle_class,"
          
Georg:

          
Au, Piano! i bitt di! mit dinere Bärestimm!

        
",32,kleisecker-dr-schnider-von-gambse,9,1,0.0,0.1111111111111111
65,comedy,Toni Brüllberger,M,choir_member,associative_world,,"
          
Toni:

          
Ach, bah! G'sang isch G'sang, do mueß m'r herzhaft inbrenne, ich bin kenn Pensionsmamsellele, mit so me Silber- stimmele. 
(ahmt es nach)

        
",32,kleisecker-dr-schnider-von-gambse,26,2,0.234,0.07692307692307693
66,comedy,Georg Lügenbühler,M,taylor,crafts,lower_middle_class,"
          
Georg:

          
Also denn! Daß i ferti wur 
(sie singen das Lied)

        
",33,kleisecker-dr-schnider-von-gambse,13,1,0.0,0.07692307692307693
67,comedy,Toni Brüllberger,M,choir_member,associative_world,,"
          
Toni:

          
O schöni Zit, wenn bravi Lit Dr Bund fors Lewe schließe.

        
",33,kleisecker-dr-schnider-von-gambse,12,5,0.036,0.4166666666666667
70,comedy,Toni Brüllberger,M,choir_member,associative_world,,"
          
Toni:

          
In dr Liederschall, mischt sich der Knall, Bun Katzeköpf un Böller.

        
",35,kleisecker-dr-schnider-von-gambse,12,2,0.38494525927019413,0.16666666666666666
73,comedy,Toni Brüllberger,M,choir_member,associative_world,,"
          
Toni:

          
Dü Schorsch, ich mein dini Stimm isch hit nit ganz rein.

        
",36,kleisecker-dr-schnider-von-gambse,12,2,0.0,0.16666666666666666
74,comedy,Georg Lügenbühler,M,taylor,crafts,lower_middle_class,"
          
Georg:

          
Im Gejedeil, ich ha vori schun saue welle, m'r däht meine, Dü hesch e Frosch in der Gurgel stecke, ich will Dir eine Vers vorsinge:

        
",37,kleisecker-dr-schnider-von-gambse,26,2,0.0,0.07692307692307693
75,comedy,Toni Brüllberger,M,choir_member,associative_world,,"
          
Toni:

          
Dr G'sangverein un d'ganz Gemein Will Euch dr Glückwunsch bringe.

        
",37,kleisecker-dr-schnider-von-gambse,12,3,0.0,0.25
76,comedy,Georg Lügenbühler,M,taylor,crafts,lower_middle_class,"
          
Georg:

          
M'r kumme all mit Freudeschall E Festhymnes ze singe.

        
",38,kleisecker-dr-schnider-von-gambse,10,2,0.0,0.2
77,comedy,Toni Brüllberger,M,choir_member,associative_world,,"
          
Toni:

          
’s geht so ziemli, wenn Du numme stärker singe dätsch.

        
",38,kleisecker-dr-schnider-von-gambse,11,3,0.0,0.2727272727272727
78,comedy,Georg Lügenbühler,M,taylor,crafts,lower_middle_class,"
          
Georg:

          
Ich sing mit Kunstsinn, mit Nuance, piano un forte, Dü bisch awer nit recht gschüelt im Singe, dine Gsang isch als furt glich dick wie e Knackwurscht.

        
",39,kleisecker-dr-schnider-von-gambse,28,4,0.0585,0.14285714285714285
79,comedy,Toni Brüllberger,M,choir_member,associative_world,,"
          
Toni:

          
Dü pfifsch numme, wie so e Schermüs, des isch kenn Gsang, m'r müeß's doch äußere. Enfin, ’s geht, ’s isch jo numme e Repetition.

        
",39,kleisecker-dr-schnider-von-gambse,26,1,0.234,0.038461538461538464
80,comedy,Georg Lügenbühler,M,taylor,crafts,lower_middle_class,"
          
Georg:

          
Jetzt der vierte und lezte Vers, awer mit piano un forte un mit Gfühl.

        
",40,kleisecker-dr-schnider-von-gambse,15,1,0.531,0.06666666666666667
81,comedy,group,sex_unknown,job_unknown,job_category_unknown,social_class_unknown,"
          
Beide:

          
E dreifach hoch von fern un noch, dem Hochzittspaar zu Ehre.

        
",40,kleisecker-dr-schnider-von-gambse,12,2,0.297,0.16666666666666666
82,comedy,Georg Lügenbühler,M,taylor,crafts,lower_middle_class,"
          
Georg:

          
Piano! Ganz Gambse soll uf Euer Wohl — forte — mit uns e Gläsel — noch e mol fortissimo — Ganz Gambse soll leere 
(während der lezten Töne tritt Therese auf)

        
",41,kleisecker-dr-schnider-von-gambse,34,5,0.0438,0.14705882352941177
83,comedy,Therese,F,,,,"
          
Therese :

          
(springt herein)

          
Sie kumme, sie kumme, Schorsch, hesch's g'hört ?

        
",41,kleisecker-dr-schnider-von-gambse,13,2,0.0,0.15384615384615385
84,comedy,Toni Brüllberger,M,choir_member,associative_world,,"
          
Toni:

          
Wer kummt, was isch denn los?

        
",42,kleisecker-dr-schnider-von-gambse,7,1,0.477,0.14285714285714285
86,comedy,Therese,F,,,,"
          
Therese:

          
d'Schandarme, schnell, dummer Daadieb, versteck dich, sie welle Dich arretiere.

        
",43,kleisecker-dr-schnider-von-gambse,12,4,0.11725,0.3333333333333333
89,comedy,Therese,F,,,,"
          
Therese:

          
(rennt umher)

          
Ja, was welle-mr jezt mache, schnell versteckt.

        
",44,kleisecker-dr-schnider-von-gambse,12,3,0.15633333333333332,0.25
91,comedy,Therese,F,,,,"
          
Therese:

          
In der Keller, uf d'Bühn, in der Geisestall, der steht doch leer.

        
",45,kleisecker-dr-schnider-von-gambse,14,2,0.0,0.14285714285714285
92,comedy,Georg Lügenbühler,M,taylor,crafts,lower_middle_class,"
          
Georg:

          
Jetzt süeche sie mi überall, awer wo sunsch hin? halt!

        
",46,kleisecker-dr-schnider-von-gambse,11,3,0.0,0.2727272727272727
93,comedy,Therese,F,,,,"
          
Therese:

          
Schnell, mach, daß dü dich verstecksch, sei's wo's will.

        
",46,kleisecker-dr-schnider-von-gambse,12,1,0.469,0.08333333333333333
94,comedy,Georg Lügenbühler,M,taylor,crafts,lower_middle_class,"
          
Georg:

          
Do kummt m'r e Gedanke! in d'Kinderkutsch, Dü gibsch mich for e Kneckes üs ; ich üwerloß Dirs, Dü bisch alt und g'scheidt genue, spiel dini Roll gut.

        
",47,kleisecker-dr-schnider-von-gambse,29,4,0.1015,0.13793103448275862
95,comedy,Therese,F,,,,"
          
Therese:

          
Gerechter Gott, sie sin schun bal do! 
(Georg schlupft in die Kinderkutsche, Therese deckt ihn zu und wiegt hin und her; singt)
 Schlof Männele schlof, der Vater —

        
",47,kleisecker-dr-schnider-von-gambse,31,5,0.0766,0.16129032258064516
96,comedy,Therese,F,,,,"
          
Wachtmeister:

          
Guten Tag! Sind Sie die Frau des Schnei- dermeisters Georg Lügenbühler ?

        
",48,kleisecker-dr-schnider-von-gambse,13,2,0.0,0.15384615384615385
97,comedy,Therese,F,,,,"
          
Therese:

          
(schluchzend)

          
O dü liewer Gott, leider jo, daß Gott erbarm !

        
",48,kleisecker-dr-schnider-von-gambse,13,5,0.0,0.38461538461538464
98,comedy,Therese,F,,,,"
          
Wachtmeister:

          
Wo ist Ihr Mann?

        
",49,kleisecker-dr-schnider-von-gambse,5,1,0.0,0.2
99,comedy,Therese,F,,,,"
          
Therese:

          
Ich weiß nit, er isch vor-ere Viertelstund furt, for ze sehn, daß er Geld bekummt, wo er ze guet hat. 
(Der Schneider quikt, Therese singt.)
 Schlof Kindele, schlof, der Bater hütet d'Schof.

        
",49,kleisecker-dr-schnider-von-gambse,36,3,0.0,0.08333333333333333
100,comedy,Therese,F,,,,"
          
Wachtmeister:

          
Haben Sie noch kleine Kinder?

        
",50,kleisecker-dr-schnider-von-gambse,6,2,0.0,0.3333333333333333
101,comedy,Therese,F,,,,"
          
Therese:

          
Mer han do eins angenumme, so-n-e arms Würmel vun dr G'schwei in Wyersche, wo noch siewe so anderi d'heimme hett, vier drunter han die dreckete Krankheit d'Difteri, oder wie mr saat.

        
",50,kleisecker-dr-schnider-von-gambse,36,3,0.0,0.08333333333333333
102,comedy,group,sex_unknown,job_unknown,job_category_unknown,social_class_unknown,"
          
Gendarm:

          
Ah! Typhus, vielleicht ?

        
",51,kleisecker-dr-schnider-von-gambse,4,1,0.445,0.25
103,comedy,Therese,F,,,,"
          
Therese:

          
Nein, nit de Kühfuß, so e Krankheit kennt mr bi uns net, Dif, Dif, ri — dr Schinder wie heißt denn des Ding nume uff ditsch — Dif — te — ri —

        
",51,kleisecker-dr-schnider-von-gambse,34,3,0.0,0.08823529411764706
104,comedy,group,sex_unknown,job_unknown,job_category_unknown,social_class_unknown,"
          
Gendarm:

          
Die Diphteritis ganz recht!

        
",52,kleisecker-dr-schnider-von-gambse,5,2,0.0,0.4
105,comedy,Therese,F,,,,"
          
Therese:

          
Des Büewel het au de Anfang drvun, gehn nur net ze noch mit Eurem G'sicht an de Waue, sunscht könnte Ihr au angsteckt were, Ihr sin jo alleweg au Familievadder, Schlof Kindele, schlof!

        
",52,kleisecker-dr-schnider-von-gambse,34,2,0.0,0.058823529411764705
106,comedy,Therese,F,,,,"
          
Wachtmeister:

          
Schrecklich! Die Diphteritis! Gut, daß Sie mir das sagen, liebe Frau; ich habe fünf Kinder zu Hause, Donner und Wetter.

        
",53,kleisecker-dr-schnider-von-gambse,21,4,0.1946294849851113,0.19047619047619047
107,comedy,group,sex_unknown,job_unknown,job_category_unknown,social_class_unknown,"
          
Gendarm:

          
Und ich ein halb Dutzend — Müssen wir gerade in diese Bude kommen.

        
",53,kleisecker-dr-schnider-von-gambse,14,2,0.0,0.14285714285714285
108,comedy,Therese,F,,,,"
          
Therese:

          
Na so gehn numme wider furt, s'kunnt sunscht e Unglück zu Ihne.

        
",54,kleisecker-dr-schnider-von-gambse,14,1,0.75,0.07142857142857142
109,comedy,Therese,F,,,,"
          
Wachtmeister:

          
Ach nein! gute Frau, das geht nicht. Der Dienst muß besorgt werden, warum habt Ihr denn das ‚kranke Kind angenommen, Ihr wißt doch, daß die schreck- liche Krankheit ansteckend ist.

        
",54,kleisecker-dr-schnider-von-gambse,32,7,0.11942857142857143,0.21875
110,comedy,Therese,F,,,,"
          
Therese:

          
Der Dokter in Hördt hat g'saat, e Luftveränderung tuet ihm guet. Un Euch tuets viellicht au guet, wenn Ihr jetzt e Luftveränderung mache täte nüs üs dere Kranke- zimmerluft, min, Mann isch desweje au furtgange, for wider frische Luft ze schöpfe ; gehn numme un sueche mine Mann drüß, denn do finde Ihr ne nit.

        
",55,kleisecker-dr-schnider-von-gambse,56,12,0.037083333333333336,0.21428571428571427
111,comedy,Therese,F,,,,"
          
Wachtmeister:

          
Das versteht Ihr nicht, Frau Lügenbühler. Wir kommen, um Ihren Mann abzuholen, damit er eine Luftveränderung für einige Zeit macht, weil er doch so für Luftwechsel schwärmt. Sagt uns gerade heraus, wo er ist, es ist besser, als lang Versteckens zu spielen. Das macht die Sache nur schlimmer. 
(Georg quiekt)

        
",55,kleisecker-dr-schnider-von-gambse,53,10,0.040600000000000004,0.18867924528301888
112,comedy,Therese,F,,,,"
          
Therese:

          
Jo min Hammele, numme still, sie tuen dir nix, numme schön drunte gebliewe, schlof Kindele, schlof, {lof Hammele, schlof.

        
",56,kleisecker-dr-schnider-von-gambse,21,2,0.09,0.09523809523809523
114,comedy,Therese,F,,,,"
          
Therese:

          
Ihr brüche mir nit Dolle ze saue, ich bin e ehrliche Frau e unglücklichi.

        
",57,kleisecker-dr-schnider-von-gambse,15,3,0.0,0.2
115,comedy,group,sex_unknown,job_unknown,job_category_unknown,social_class_unknown,"
          
Gendarm:

          
Ich hab ja gesagt drollig, seid doch vernünftig.

        
",57,kleisecker-dr-schnider-von-gambse,9,1,0.0,0.1111111111111111
118,comedy,Therese,F,,,,"
          
Therese:

          
Ze sueche doch numme e mol. Gehn nüs in dr Keller, uf d'Bühn, in de leere Kuhstall un ins Gaiseschöpfel, sueche, ich hab jo nix derwidder, un wenn m'r fröje derf, weje was welle ihr ne denn hohle? Was soll er denn an- gestellt han.

        
",59,kleisecker-dr-schnider-von-gambse,48,4,0.0,0.08333333333333333
119,comedy,Therese,F,,,,"
          
Wachtmeister :

          
Schulden, Betrugsversuch, Steuerrückstände, Beleidigung des Kaufmanns Mathias Zwicker hier.

        
",59,kleisecker-dr-schnider-von-gambse,10,2,0.0,0.2
121,comedy,Therese,F,,,,"
          
Wachtmeister:

          
Na, Mahlberg, gehn wir mal und machen Haussuchung, kommen Sie mit, Frau Lügenbühler 
(willgehen)

        
",60,kleisecker-dr-schnider-von-gambse,17,1,0.0,0.058823529411764705
122,comedy,Therese,F,,,,"
          
Therese:

          
Mit gehn, jo ’s lejt mr an, von dem arme kranke Kind weg ze gehn. 
(Georg quiekt)
 Here Sie, wie's winselt vor Schmerze. Schlof, Männele, fchlof, numme zefridde, die böse Männer gehn bal wider furt, numme stille, krejich au e guets Stückele Bäredreck dernoh; Schlof Kin- dele, schlof.

        
",61,kleisecker-dr-schnider-von-gambse,53,9,0.12333333333333332,0.16981132075471697
123,comedy,group,sex_unknown,job_unknown,job_category_unknown,social_class_unknown,"
          
Gendarm:

          
Na, das Kind ist ja ruhig, eine Viertelstunde wird es wohl auch ohne Sie durchbringen können. Kommen Sie mit.

        
",61,kleisecker-dr-schnider-von-gambse,20,4,0.05475,0.2
124,comedy,Therese,F,,,,"
          
Therese:

          
Nit um Alles, sueche ne wo Ihr welle, ich geh nit von dem Kind eweg, i wott wette, sobol i vun-'m eweg bin, ze will er in der Hiz zum Bettel rüß, un wenn'm e Unglück g’schehn tät, wer mueßt's verantworte! Ich!

        
",62,kleisecker-dr-schnider-von-gambse,46,6,0.125,0.13043478260869565
125,comedy,Therese,F,,,,"
          
Wachtmeister:

          
Dann bleib ich allein hier und Sie gehen mit Wahlberg im Hause herum; wir dürfen einmal heute nicht zu unserm Chef kommen, ohne den Schneider mitzubringen, steckt er wo er will. Also, Mahlberg, fort, und Sie gehen mit, Frau, damit der Mann nicht am Ende auf einer Keller- treppe den Hals bricht.

        
",62,kleisecker-dr-schnider-von-gambse,54,4,0.0,0.07407407407407407
126,comedy,Therese,F,,,,"
          
Therese:

          
Wenns partout nit andersch ze mache isch, ze well i mit, awer warte emol, i will'm noch e Stückel Bäredreck ins Schnüffele stecke; — so liebs Hämmele, jetzt schlutz dü numme, meinsch, des isch emol güet. 
(Georg quiekt)
 jo, jo, luj wie er trett, unter finere Couvert, — soll dr wohl tuen bis in dr große Zehnele, daß d'widder gsund wursch, — sei jetzt brav un ruehi, ’s Bäsel kummt bal wider — i will dir nur e Memmele hole. Adien Schätzele, halt di guet.

        
",63,kleisecker-dr-schnider-von-gambse,90,10,0.036699999999999997,0.1111111111111111
127,comedy,group,sex_unknown,job_unknown,job_category_unknown,social_class_unknown,"
          
Gendarm:

          
Jetz macht einmal ein Ende mit Eurer Narretei und kommt mit.

        
",63,kleisecker-dr-schnider-von-gambse,12,1,0.0,0.08333333333333333
128,comedy,Therese,F,,,,"
          
Therese:

          
Ich möcht numme Euch sehn, mit Euere sechs Kneckes d'heim, ihr sin ganz gewiß noch viel ärjer vernarrt, mer hört jo genu verzehle.

        
",64,kleisecker-dr-schnider-von-gambse,25,4,0.0,0.16
129,comedy,Therese,F,,,,"
          
Wachtmeister:

          
Geht jetz Frau und macht ein End, Ihr habt ja ein Mundstück, wie eine Dampf-Kaffeemühle.

        
",64,kleisecker-dr-schnider-von-gambse,16,2,0.0,0.125
130,comedy,Therese,F,,,,"
          
Therese:

          
Ich geh jo, awer Ihr müesse alls-furt e bissele hin un her wajle un au e bissele singe: Schlof Kindele, schlof, sunsch wenn's Fuhrwerk still steht, wurd er unruehig un dernoh han'r Euri liewe Not mit'm awer uff dene Bäredreck wurd'r wohl ruehi sin un zefridde.

        
",65,kleisecker-dr-schnider-von-gambse,49,9,0.024333333333333332,0.1836734693877551
132,comedy,Therese,F,,,,"
          
Therese:

          
Pressierts denn e so, Ihr sin jo uff. der Monat bezahlt oder han'rs im Akkord? So g’fährli isch's doch nit, denk-i.

        
",66,kleisecker-dr-schnider-von-gambse,23,2,0.0,0.08695652173913043
133,comedy,Therese,F,,,,"
          
Wachtmeister:

          
Jetz macht mal, daß Ihr fort kommt.

        
",66,kleisecker-dr-schnider-von-gambse,8,1,0.0,0.125
134,comedy,Therese,F,,,,"
          
Therese:

          
Halt!! Bob liewer Alledaa, d'Hauptsach hätt i bal vergesse! was ich Euch bitt, wenn Euch Euer Lewe un's Lewe un G'sundheit vun Eure Kinder un Madam lieb isch, ze bliewe mit Eurem Kopf, un bsunders mit'm Mül vun dem Bettel eweg. Ihr kenne der Dif-dif-ri — Schinder zur Difteri — ebä ze losse-n-Euch rote un tuen was ich saa, oder es isch Euer eigener Schade. Adieu, Herzkäferle, schlof wohl, er schloft prächti, jezt numme ruhig, liewer Herr Wachtmeister, ich geh jetzt.

        
",67,kleisecker-dr-schnider-von-gambse,87,21,0.03424589632687782,0.2413793103448276
135,comedy,Therese,F,,,,"
          
Wachtmeister:

          
Ja, ja, nur endlich fort, das ist ja schrecklich.

        
",67,kleisecker-dr-schnider-von-gambse,10,5,0.215103587988089,0.5
137,comedy,group,sex_unknown,job_unknown,job_category_unknown,social_class_unknown,"
          
Gendarm:

          
Bleibt doch nur, das darf ja nicht sein.

        
",68,kleisecker-dr-schnider-von-gambse,9,1,0.0,0.1111111111111111
138,comedy,Therese,F,,,,"
          
Therese:

          
(bringt eine Flasche voll Wasser und ein Gläschen)

          
Do, ich jtells emol do ane, à votre service, Ihr könne mache, was Ihr welle. 
(Schenkt ein und geht mit dem Gendarm fort.)

        
",69,kleisecker-dr-schnider-von-gambse,36,1,0.0,0.027777777777777776
139,comedy,Therese,F,,,,"
          
Wachtmeister :

          
Hahaha, Pos Glinten und Kanonenkugeln ! So was ist mir noch nicht vorgekommen! In meiner langen Dienstzeit noch nicht vorgekommen. Muß ich da Kinderwärterin spielen! In der Tat, unbekannt ist mir diese Funktion gerade nicht. Habe es oft praktiziert bei meinen fünf Rangen zu Hause; aber im Dienst — zum Kuckuck, das ist denn doch einzig und gehört in den Kladderadatsch. Ein Gendarmerie-Wachtmeister, ein krankes Kind hütend. Alles im Dienst, im Namen des Gesetzes! Haha, und doch es muß sein. Strenge Ordre. — Dieser Schneider ift nicht nur ein heruntergekommener, verschuldeter Kerl, sondern, was für uns die Hauptsache ist, ein Sozialist, ein Redner bei Wahlen und dergleichen. Einige Zeit ins Trockene, wird ihn kurieren. 
(Georg quiekt)
 Was Du regst dich auch, kleiner Unglücksvogel! Ich werde mich wohl hüten, dir nahe zu kommen. 
(Schaut in den Wagen)
 Ein ziemlich großer Bengel. Na! schlafe nur, schlaf, Kindchen, schlaf, 
(er wiegt)
 der Vater hüt die Schaf, hahaha! Muß über mich selber lachen, hab von der drolligen Frau das Geschäft abgelernt. Ia, sei nur still, so du bist verständig, liegst ganz verständig auf dem Gesicht in deinem Kissen drin, Du kleiner Mann. - — Ich wollte. nur meine Frau sähe mich hier sien; die würde mir dann jeden Abend Kindermagd-Dienst komman- dieren und mit meinem Abendschoppen wäre es vorbei. - 
(Betrachtet das Glas)
 Und haha, dann der gutmütige Einfall dieser einfältigen alten Frau, einem Gendarm, der ihren Mann holen will, ein Glas Kirschbranntwein einzuschenken. 
( en eigentlich gar nicht.)
 übel, echt — follen wir nicht ver- suchen? Bah dienstwidrig! 
(Riecht)
 Die Probe könnte man ja machen. 
(nippt)
 Nicht übel, echter selbstgebrannter Firsch Haha, man kann ja nachhelfen, man muß sich zu helfen wissen. 
(Georg quiekt, während er trinken will)
 Still! kommt jemand? 
(Georg quiekt)
 Nein, das ist der Herzkäfer da in in seiner Kutsche. Schlaf Kindchen, schlaf, der Vater hüt die Schaf. 
(wiegt)
 Sei nur brav, Kindchen, ja! 
(trinkt und schenkt wieder voll ein)
 So, jezt meint man, ich hätte es stehen lassen, gut, haha! — Aber verflirt langweilig ist die Kinderwärterei doch, muß doch mal ein bischen hinausgucken, ob die Haus- suchung noch nicht zu End. 
(Geht ab ; der Schneider hebt sich in die Höhe, trinkt das Glas leer und schenkt wieder ein.)

        
",69,kleisecker-dr-schnider-von-gambse,396,53,0.025413509699875943,0.13383838383838384
140,comedy,Georg Lügenbühler,M,taylor,crafts,lower_middle_class,"
          
Georg:

          
Oh! Wie guet macht eim so e Schnäpsel, wenn m'r üs'm Schlof verwacht, i wott awer doch, i käm bal üs dere Malefizkütsch herüs, i bin grad wie gerädert, ganz krizlahm; awer des tüet eine e bissele stärke. 
(trinkt wieder leer und schenkt wieder ein.)
 So jetz awer wider nunter ; er kennt kumme. Schlof Männele, schlof, haha! schnell er kunnt. 
(Drückt sich schnell hinunter.)

        
",70,kleisecker-dr-schnider-von-gambse,70,10,0.1321,0.14285714285714285
141,comedy,Therese,F,,,,"
          
Wachtmeister:

          
(eintretend)

          
Noch keine Spur von dem Malefiz- schneider, langweiliges Kesseltreiben in der dumpfigen Bude hier. Na, werde mir noch eins unter die Binde gießen, die gute Alte hat mirs ja angeboten, brauchts übrigens gar nicht mal zu merken. 
(will trinken, Georg quiekt)
 Ja, liebs Kerlchen, nur ruhig, ich komme gleich 
(trinkt und schenkt ein)
 Sei Du nur hübsch ruhig; schlaf Kindchen, schlaf, sei nur still und brav. 
(Georg quiekt)
 Still, hab ich nicht etwas gehört, vielleicht der Schneider. 
(Geht hinaus)

        
",70,kleisecker-dr-schnider-von-gambse,92,10,0.0445,0.10869565217391304
142,comedy,Georg Lügenbühler,M,taylor,crafts,lower_middle_class,"
          
Georg:

          
(trinkt wieder leer und schenkt ein, und geht schnell hinunter)

          
Oh, e guets Tröpfel.

        
",71,kleisecker-dr-schnider-von-gambse,17,3,0.15633333333333332,0.17647058823529413
143,comedy,group,sex_unknown,job_unknown,job_category_unknown,social_class_unknown,"
          
Gendarm :

          
Nicht eine Spur von dem schlauen Schneider zu entdecken — das ganze Haus, alle Ecken und Winkel durch- sucht ; alles umsonst.

        
",71,kleisecker-dr-schnider-von-gambse,23,3,0.0,0.13043478260869565
144,comedy,Therese,F,,,,"
          
Therese:

          
Was macht denn min Schorschele? Pipero, Lüej wie der so nett schloft.

        
",72,kleisecker-dr-schnider-von-gambse,13,2,0.0,0.15384615384615385
145,comedy,Therese,F,,,,"
          
Wachtmeister:

          
Wißt Ihr venn gar nicht. Frau, wo er auf der Geldjagd ist; wo er immer Geld holen will? Das müßt Ihr doch wissen.

        
",72,kleisecker-dr-schnider-von-gambse,24,1,0.0,0.041666666666666664
146,comedy,Therese,F,,,,"
          
Therese:

          
Bim Schrinermartin viellicht — üßm Dorf nüs isch er nit kumme.

        
",73,kleisecker-dr-schnider-von-gambse,12,2,0.2225,0.16666666666666666
147,comedy,Therese,F,,,,"
          
Wachtmeister:

          
So muß er aufzutreiben sein ! Bomben und Granaten, das wollen wir doch sehen. Jetzt geht Ihr mit mir, Frau. Ich werde ihn schon erwischen und müßte ich ganz Gambsheim umkehren. Allons : vorwärts.

        
",73,kleisecker-dr-schnider-von-gambse,33,3,0.0,0.09090909090909091
148,comedy,Therese,F,,,,"
          
Therese:

          
Ich mit euch gehn. Zell isch awer nit wohr! Was dhäte do d'Litt im Dorf denke un babble. Ich bin e recht- schaffeni Frau - mich vum e Schandarm durch's Dorf füchre ze loffe ? - Wachtmeifter: Ich führe euch. ja nicht; Ihr führt mich.

        
",74,kleisecker-dr-schnider-von-gambse,48,5,0.0,0.10416666666666667
149,comedy,Therese,F,,,,"
          
Therese:

          
Eh bäh! Ze will ich Euch kettle, Allons here!

        
",74,kleisecker-dr-schnider-von-gambse,10,1,0.0,0.1
150,comedy,Therese,F,,,,"
          
Wachtmeister:

          
Unsinn! Dummes Weib, so geht meinetwegen allein voraus. Ich folge euch in die Häuser, wo Ihr den Ausreißer vermutet.

        
",75,kleisecker-dr-schnider-von-gambse,20,4,0.045,0.2
151,comedy,Therese,F,,,,"
          
Therese:

          
Zell welle mer gälte lon, awer wer hüet unterdesse des arm Würmele.

        
",75,kleisecker-dr-schnider-von-gambse,13,3,0.10938794095481143,0.23076923076923078
152,comedy,Therese,F,,,,"
          
Wachtmeister:

          
Mahlberg! Sie bleiben hier, bis wir wieder- kommen.

        
",76,kleisecker-dr-schnider-von-gambse,10,1,0.0,0.1
153,comedy,group,sex_unknown,job_unknown,job_category_unknown,social_class_unknown,"
          
Gendarm:

          
Sehr angenehm, Herr Wachtmeister! Bin das Kinderhüten gewöhnt, werde meine Pflicht tun.

        
",76,kleisecker-dr-schnider-von-gambse,13,4,0.0,0.3076923076923077
154,comedy,Therese,F,,,,"
          
Therese:

          
(nimmt die Flasche zur Hand, will einschenken, sieht das  Gläschen noh voll und macht kuriose Augen.)

          
Herr Wachtmeister, ja, han Sie denn nix getrunke, kurios; ich ha ge- meint, s'isch noch mehr in den Budell gewehn un doch steht das Gläsel noch voll do. 
(zum Gendarm)
 Do trinke Ihr, ge- niere Euch nit, à votre Service !

        
",77,kleisecker-dr-schnider-von-gambse,64,5,0.0,0.078125
155,comedy,Therese,F,,,,"
          
Wachtmeister:

          
Mahlberg! Sie werden wissen, daß das im Dienst nicht erlaubt ist. Die Frau meint es gut, aber das darf nicht sein.

        
",77,kleisecker-dr-schnider-von-gambse,22,1,0.0,0.045454545454545456
156,comedy,group,sex_unknown,job_unknown,job_category_unknown,social_class_unknown,"
          
Gendarm:

          
Keine Sorge, Herr Wachtmeister, ich werde meine Pflicht tun.

        
",78,kleisecker-dr-schnider-von-gambse,10,3,0.0,0.3
157,comedy,Therese,F,,,,"
          
Therese:

          
Au revoir Schorschele! au revoir; er schloft wie e Kalb — hüete-n-e güet. 
(Wachtmeister und Therese ab)

        
",78,kleisecker-dr-schnider-von-gambse,22,1,0.0,0.045454545454545456
158,comedy,group,sex_unknown,job_unknown,job_category_unknown,social_class_unknown,"
          
Gendarm:

          
Haha, drollige Lage, Kinderfrau spielen — schlaf Lämmchen, schlaf, der Papa hüt die Schaf. Na nur still. 
(Georg quiekt)
 ich tue Dir gewiß kein Leid, aber ich werde mich auch hüten. Dich aufzudecken oder sonst irgend etwas mit dir zu unternehmen, — Diphteritis, das sollte mir noch fehlen mit meinen sechs Trabanten, wo's so. wie so noch nicht langen will, wenn alles gefund ist. Nein, schlaf Du nur! — Wenn die Geschichte nur nicht gar zu lange dauert, denn verflucht langweilig ist es da schon, 
(steht auf)
 Übrigens scheinen mir die Leute nicht jo übel zu sein, nehmen da ein krankes Kind an; das ist doch schön — schlechte Leute tun das nicht und wie freundlich die gute alte Frau uns hier ein Gläschen angeboten hat, haha! Könnte man da mal eine Probe machen obs eine gute Sorte ist? 
(will trinken Georg quikt)
 Donnerwetter, ich glaube es kommt jemand, werde mal draußen nachsehen, 
(ab)

        
",79,kleisecker-dr-schnider-von-gambse,164,23,0.06860869565217391,0.1402439024390244
159,comedy,Georg Lügenbühler,M,taylor,crafts,lower_middle_class,"
          
Georg:

          
(steht auf, trinkt aus, schenkt ein)

          
Wenn m'r am Morje üsg schlofe het, nimmt m'r gewöhnli e Schnäpsel un wenn m'r owes ins Bett geht, nimmt m'r au eins 
(nimmt noch eins und schenkt wieder ein)
 so, jetz geh i wider ins Bett, guet Nacht bisamme! 
(schnarcht)

        
",79,kleisecker-dr-schnider-von-gambse,54,3,0.0,0.05555555555555555
160,comedy,group,sex_unknown,job_unknown,job_category_unknown,social_class_unknown,"
          
Gendarm:

          
(tritt wieder ein)

          
Keine Seele weit und breit, wie ausgestorben die ganze Nachbarschaft. Alles auf dem Felde, und ich muß da sitzen, Unsinn ! wenn es nicht des Schneiders wegen wäre, des Kindes wegen könnte man die Bude schon schließen und abgehen, der kleine Kerl ist bräver als meine. jechs alle miteinander, freilich die Krankheit kann einen schon brav machen. — Wie der Kirsch so angenehm duftet. Sap- perlot! na nur nicht so schüchtern, man hat es uns ja an- geboten. 
(nimmt das Gläschen, leert es auf einen Zug und schenkt wieder ein)
 So jetz steht immer noh das erste Gläschen da, das der Zu Wachtmeister nicht annehmen wollte, oder sollte er am Ende auch den gleichen Gedanken gehabt haben ? Kaum glaublich, dazu ist er zu diensteifrig. — Aber horch! welch ein Lärm da draußen. 
(man hört Lärm und Schreien hinter der Szene)
 Mehrere Stimmen: Hewene, hewene! Schmisse-n-e rab! Hauene dene Schereschliffer, druff uf dene Schereschliffer !

        
",80,kleisecker-dr-schnider-von-gambse,166,18,0.07723670971482503,0.10843373493975904
161,comedy,group,sex_unknown,job_unknown,job_category_unknown,social_class_unknown,"
          
Gendarm:

          
Was hat das zu bedeuten? Ein Auflauf, ein Streit, eine Prügelszene? Da muß ich doch mal nachsehen! Hat der Wachtmeister schließlich den Schneider gefunden und er ist ihm wieder durchgegangen. 
(Man hört einen Schuß)
 - Sapperlot! ein Schuß! jezt wird es aber doch zu bunt. Auf, hinaus, den- Säbel locker gemacht. Wenn Schüsse fallen, jo muß auch der Säbel blitzen. 
(ab. Großer Lärm und Stimmengewirr hinter der Szene, immer stärker werdend. Georg steht auf)

        
",80,kleisecker-dr-schnider-von-gambse,80,9,0.19374423830802556,0.1125
162,comedy,Georg Lügenbühler,M,taylor,crafts,lower_middle_class,"
          
Georg:

          
Was isch jetz los, mille de bongre! e Revolution! cru tonnerre, do möcht i au derbi sin! 
(er trinkt das Glas leer)
 Vive la liberté, égalité, fraternité! 
(schhenkt wieder ein)
 haw-i denn kenn alti Flint oder — halt, i hab noch e alter rostiger Sawel, jetz gilt's 's Vaterland ge vertheidige! vaincre ou mourir! cré mille de bible 
(steht auf die Zehen und schaut hinaus)
 Sie kumme, d'Schandarme, o jerum.

        
",81,kleisecker-dr-schnider-von-gambse,79,8,0.142625,0.10126582278481013
164,comedy,Therese,F,,,,"
          
Therese:

          
Witt de glich 's Mül halte mit dem Gebrülls, wenn d'Schandarme in der Näh sin, schnell in dini Kütsch! Do bisch am sicherste uffg'hebt. Großer Gott, was isch des for e Spektakel g'sin. 
(Georg geht an den Wagen, Therese wirft ihn hinein)
 furt mit dem Speckmesser un lüj do, au fascht aller Schnapps isch weg! Do hesch du d'Glegeheit pofitiert, drum bischte au so kuraschiert, wenn de redde solsch, ze stehsch do, wie dr Hans im Dreck.

        
",82,kleisecker-dr-schnider-von-gambse,82,7,0.19542857142857142,0.08536585365853659
166,comedy,Therese,F,,,,"
          
Therese:

          
Still! ich hör Litt kumme.

        
",83,kleisecker-dr-schnider-von-gambse,6,2,0.0,0.3333333333333333
167,comedy,Jean Lügenbühler,M,,,,"
          
Jean:

          
(stürzt herein)

          
Oh! ces filous, ces canailles! va bongre, de bongre! Madame, parlez-vous le français, hé!

        
",83,kleisecker-dr-schnider-von-gambse,19,2,0.0,0.10526315789473684
168,comedy,Therese,F,,,,"
          
Therese:

          
's isch m'r liewer, Ihr redde ditsch mit mir? Was welle Ihr! Worum Ihr jetz grad zu uns dorin renne. Ihr han drüße e Höllespektakel angestift. Was welle Ihr dobin ?

        
",84,kleisecker-dr-schnider-von-gambse,31,2,0.0,0.06451612903225806
169,comedy,Jean Lügenbühler,M,,,,"
          
Jean:

          
Ah, sapristi! Ich nix kann viel ditsch, ich üs Frankreich kumme, ce gendarme, les gendarmes, cré diable, gann Sie nit mich verstecke; ich ihm donne viel beaucoup d'argents.

        
",84,kleisecker-dr-schnider-von-gambse,30,2,0.0,0.06666666666666667
170,comedy,Therese,F,,,,"
          
Therese:

          
Verstecke! Au weh! Bi uns will alles sich ver- stecke! Non, do wurd jetzt kenn Versteckles meh g'spielt, i hab jetz genue for hitt. ?

        
",85,kleisecker-dr-schnider-von-gambse,26,1,0.0,0.038461538461538464
171,comedy,Jean Lügenbühler,M,,,,"
          
Jean:

          
Dummes paysanne ! oh misère ! ils viennent! Sie komm.

        
",85,kleisecker-dr-schnider-von-gambse,9,1,0.0,0.1111111111111111
172,comedy,Therese,F,,,,"
          
Wachtmeister :

          
Mahlberg! Sie bleiben hier an der Türe stehen, damit die aufgeregten Bauern in ihrem Zorn nicht hereindringen. Das war ja ein Höllenspektakel. Mein Herr! Sie werden uns begleiten. Wir sehen ein, daß Sie zwar nicht schuld sind, an dem Auflauf des Bolkes, aber nachdem die Hauptschreier hinter Schloß und Riegel sind, müssen Sie ebenfalls verhört werden. Also vorwärts auf's Gemeinde- haus.

        
",86,kleisecker-dr-schnider-von-gambse,64,11,0.0,0.171875
173,comedy,Jean Lügenbühler,M,,,,"
          
Jean :

          
Permission! Brigadier ! macht Sie, s’il vous plait in dis Hüs ici d' Procés-verbal, ich will nit gehn mit Sie in Mairie, denn ces paysans là wild und bös und ordinair, mich gehn schlag tot, ah ces brigants, ich ganz welle alles expliziere sur mon personalité, glaub Sie, ich sein un honnette homme, un guet Mann, kein filou.

        
",86,kleisecker-dr-schnider-von-gambse,59,11,0.060089233502666727,0.1864406779661017
174,comedy,Therese,F,,,,"
          
Wachtmeister :

          
Nun so wollen wir denn hier das Protokoll auffetzen, der das ganze Dorf auf die Beine bringt.

        
",87,kleisecker-dr-schnider-von-gambse,18,1,0.0,0.05555555555555555
176,comedy,Therese,F,,,,"
          
Wachtmeister :

          
Nur ruhig, Frau Lügenbühler, die Angelegen- heit mit Ihrem Mann kommt nachher. 
(Er ist noch nicht.)
 zu finden, desto schlimmer.

        
",88,kleisecker-dr-schnider-von-gambse,24,2,0.0,0.08333333333333333
178,comedy,Therese,F,,,,"
          
Wachtmeister :

          
Also Sie sind hier fremd ?

        
",89,kleisecker-dr-schnider-von-gambse,6,1,0.0,0.16666666666666666
182,comedy,Therese,F,,,,"
          
Wachtmeister :

          
Lü-schän-bühlär, verflixter Name, der Teufel soll ihn schreiben. Haben Sie noch Verwandte hier. Wollten Sie hier blos durchreisen, oder hier Aufenthalt nehmen! Und warum ?

        
",91,kleisecker-dr-schnider-von-gambse,25,3,0.16133333333333333,0.12
183,comedy,Jean Lügenbühler,M,,,,"
          
Jean:

          
Ich ici in Gambsheim noh hab e Brueder, ich ihm wollt mache e Visite. 
(Georg quikt, er regt sich merklich)

        
",91,kleisecker-dr-schnider-von-gambse,23,1,0.0,0.043478260869565216
184,comedy,Therese,F,,,,"
          
Therese :

          
Io, jo, lieb's Schorschele, numme ruehig, er kreijt wieder so e Attaque. Schlof, Männele schlof.

        
",92,kleisecker-dr-schnider-von-gambse,17,2,0.1915,0.11764705882352941
185,comedy,Jean Lügenbühler,M,,,,"
          
Jean:

          
Eh bien, oui, wie ich kumm in des village, wir mache toujours unseri Voyage par velocipèdes, kumm sie e ganzi Bande de gamins und schreit und schmißt mit de pierres so große 
(macht eine Faust)
 schmiff mir widder die Rad so grand baquette, schmiß mit de füli Äpf! und crient toujours, ewene! ewene! Scheereschliff, wuethi, abschmiß ! hau! Ah! ces canailles, cette bande de brigants! Was ich hab wohl ma, ich prend mon Revolver, schieß in die Luft, for sie zu verschreck un comme ça isch kumme ce grand trouble, ik nit sin coupable non! Glaube Sie mir Brigadier !

        
",92,kleisecker-dr-schnider-von-gambse,101,15,0.06650119599602967,0.1485148514851485
186,comedy,Therese,F,,,,"
          
Therese:

          
So isch's -g'sin, er saat was wohr isch, Sie hätte ne schier grad tot g’schlawe, die elende Hund. ’s isch e Schand vor ganz Gambse.

        
",93,kleisecker-dr-schnider-von-gambse,28,7,0.0,0.25
187,comedy,Jean Lügenbühler,M,,,,"
          
Jean:

          
Eh bien! Wie Sie kommen, nehme Sie mon Re- volver, ich retrire in cette maison, fonft hätt mich, die mi- serables massakrier ; ich kann nir derfür, ich sin froh, daß noch vivre kann.

        
",93,kleisecker-dr-schnider-von-gambse,36,4,0.0,0.1111111111111111
188,comedy,Therese,F,,,,"
          
Wachtmeister :

          
Sie haben einen Bruder hier! Wo soll der wohnen und was hat er für ein Geschäft ?

        
",94,kleisecker-dr-schnider-von-gambse,17,2,0.0,0.11764705882352941
190,comedy,Therese,F,,,,"
          
Therese :

          
Io, Männele, schlof, blie drunte. Schlof Kindele schlof.

        
",95,kleisecker-dr-schnider-von-gambse,9,1,0.383,0.1111111111111111
191,comedy,Therese,F,,,,"
          
Wachtmeister :

          
Ruhe jetzt mit dem dumme Geleier!

        
",95,kleisecker-dr-schnider-von-gambse,7,2,0.0,0.2857142857142857
192,comedy,Therese,F,,,,"
          
Therese :

          
Er wird unruehig, wenn's euch net paßt, ze gehn uff's Gemeindehüs.

        
",96,kleisecker-dr-schnider-von-gambse,14,2,0.0,0.14285714285714285
193,comedy,Therese,F,,,,"
          
Wachtmeister :

          
Weiter, wie heißt Ihr Brueder mit Zunamen ?

        
",96,kleisecker-dr-schnider-von-gambse,8,1,0.0,0.125
194,comedy,Jean Lügenbühler,M,,,,"
          
Jean:

          
Georg, Georg Lügenbühler, Er mir écrire, er het Schulde et nix d'argent, kayn bezahle nit, wie er nit be- kumme Geld ; er häng sich uff; ich pense, ich will helf. Ich kumm par velocipede a Gambsheim, ich hab beaucoup d’argent; ich will helfe jetz ihm, ish min Brueder ! Bri- gadier, kenne Sie ihn nit.

        
",97,kleisecker-dr-schnider-von-gambse,59,9,0.0,0.15254237288135594
195,comedy,Georg Lügenbühler,M,taylor,crafts,lower_middle_class,"
          
Georg :

          
(hervorsteigend)
 Do isch er, do isch er, juchhe, Jean, Jean, ob, mon frère 
(fällt ihm um den Hals. Der Wacht- meister und Therese stehen wie versteinert, Therese schlägt die Hände über dem Kopfe zusammen.)

        
",97,kleisecker-dr-schnider-von-gambse,40,4,0.0,0.1
196,comedy,Therese,F,,,,"
          
Therese:

          
E Gewitter noch emol, i glaub er isch verruckt, Jerum, jerum, her jerum.

        
",98,kleisecker-dr-schnider-von-gambse,14,3,0.39333333333333337,0.21428571428571427
197,comedy,Therese,F,,,,"
          
Wachtmeister :

          
Ha, ha, ha. So das ist das kranke Bübchen gewesen! Na jetzt nur mit, haha! D'r Spaß ist köstlich, aber ein böses Nachspiel wird's geben. Allons, Schneider, geht mit! Die Sache mit Ihnen, Herr Lügenbühler, wird keine schlimmen Folgen haben; bei Ihrer Abreise erhalten Sie Ihren Revolver wieder, vorher nicht, sonst könnte noch ein Unglück geschehen.

        
",98,kleisecker-dr-schnider-von-gambse,58,10,0.1281,0.1724137931034483
198,comedy,Jean Lügenbühler,M,,,,"
          
Jean:

          
Ah! mon frère Schorsch, Comment Sie welle arre- tier mon bon frère et pourquoi ?

        
",99,kleisecker-dr-schnider-von-gambse,16,1,0.0,0.0625
199,comedy,Therese,F,,,,"
          
Wachtmeister :

          
Schulden, Steuerrückstände usw., Schwindel!

        
",99,kleisecker-dr-schnider-von-gambse,5,2,0.0,0.4
200,comedy,Jean Lügenbühler,M,,,,"
          
Jean:

          
Eh bien ! Ich alles bezahl! Voila! 
(legt eine Brieftasche auf den Tisch)
 er het g'holf mir mit Geld von unser parents, ich worre bin un homme comme il faut avec argent viel; ich ihm maintenant auch helf. Brigadier, je vous prie, nit nehme mon frère mit in prisons, ich alles mach guet. Ich alles bezahl, coute que coute, koscht was will.

        
",100,kleisecker-dr-schnider-von-gambse,64,5,0.0,0.078125
201,comedy,Georg Lügenbühler,M,taylor,crafts,lower_middle_class,"
          
Georg:

          
(vor Freude hüpfend und springend)

          
Juchhe! So isch's, oh mon frère, Jean, merci beaucoup! Oh wie dank ich Dir! Theres, Sisch, ich hab Dir als g'saat, der alt Gott lebt noch un min Brueder isch nit undankbar, er ifch e Ehre mann. Do isch er jetzt, gelt dis isch e Mann, ah bongre ! Geh nur glich nüs un rischt en-Esse was d'Küch un Keller uffdresche kann. Ich mueß ebs druff gen, mim Brueder ze Ehre. Ah bongre. Juchhe. 
(springt)

        
",100,kleisecker-dr-schnider-von-gambse,86,12,0.0,0.13953488372093023
202,comedy,Therese,F,,,,"
          
Wachtmeister :

          
Ich weiß in der Tat nicht mehr, wo mir der Kopf steht, von allem dem, was ich heute hier erlebt babe; glaube aber, daß unter den jetzigen Umständen eine Ber- haftung des Herrn Schneidermeisters Lügenbühler wohl unterbleiben kann, das Weitere wird Ihnen vom Amtsgericht zugehn.

        
",101,kleisecker-dr-schnider-von-gambse,47,5,0.0438,0.10638297872340426
203,comedy,Jean Lügenbühler,M,,,,"
          
Jean:

          
Wir bezahle tout! tout! Eh Brigadier! kann ich Sie invetiere pour ce soir, sie zu trinke une bouteille de Champagne, vous êtes un brave-homme. 
(schüttelt ihm die Hand)
 Wenn Sie nit wäre kumme, ces canailles mich hätt g' schlaa tot.

        
",101,kleisecker-dr-schnider-von-gambse,43,4,0.0,0.09302325581395349
204,comedy,Therese,F,,,,"
          
Wachtmeister :

          
Wir haben unsere Pflicht gethan. — Also jetzt will ich fort meinen Rapport abgeben. Auf Wiedersehen. Mahlberg! fort, kommen Sie 
(ab)

        
",102,kleisecker-dr-schnider-von-gambse,24,2,0.0,0.08333333333333333
205,comedy,Jean Lügenbühler,M,,,,"
          
Jean :

          
Au revoir! Brigadier, au revoir, gut Abend!

        
",102,kleisecker-dr-schnider-von-gambse,8,2,0.0,0.25
206,comedy,Jean Lügenbühler,M,,,,"
          
Jean:

          
Eh hien, min liewer Schorsch ! Dis isch Dini Madam !

        
",103,kleisecker-dr-schnider-von-gambse,10,4,0.0,0.4
207,comedy,Therese,F,,,,"
          
Therese :

          
Ze diene! Es macht, m'r Freid! so e flotte Herr als Schwöjer kenne ze lehre; Un b'sunders, will er grad zur rechte Zitt kumme isch, um e Unglück ze verhüete.

        
",103,kleisecker-dr-schnider-von-gambse,31,11,0.1108181818181818,0.3548387096774194
208,comedy,Georg Lügenbühler,M,taylor,crafts,lower_middle_class,"
          
Georg:

          
Glück het er in's Hüs gebrocht! Juchhe, ich wur ganz verruckt 
(rennt umher. Jean lacht. Der Schneider rennt gegen den eintretenden Schreinermartin.)

        
",104,kleisecker-dr-schnider-von-gambse,26,6,0.17850000000000002,0.23076923076923078
209,comedy,Jean Lügenbühler,M,,,,"
          
Jean :

          
Maintenant mueß alles lustig sin! toujours lusti!

        
",104,kleisecker-dr-schnider-von-gambse,8,2,0.4152476256698337,0.25
210,comedy,Martin Tannspahn,M,carpenter,crafts,lower_middle_class,"
          
Martin:

          
Na! Na! Potz Hagelwetter ! Heißt m'r diß schaffe? Wenn krej i denn miner Hochzittsfrack, Schnieder ? he ?

        
",105,kleisecker-dr-schnider-von-gambse,17,2,0.0,0.11764705882352941
211,comedy,Therese,F,,,,"
          
Therese:

          
Jetz saa i nix meh, der wurd jetz viel Lust han zum schaffe.

        
",105,kleisecker-dr-schnider-von-gambse,14,1,0.0,0.07142857142857142
212,comedy,Georg Lügenbühler,M,taylor,crafts,lower_middle_class,"
          
Georg:

          
Dü kriegsch ne, un wenn i d'ganz Nacht dran schaffe mueß, luej i hab Visite, min Brueder vun Lyon, o was e Freid.

        
",106,kleisecker-dr-schnider-von-gambse,25,3,0.0,0.12
214,comedy,Martin Tannspahn,M,carpenter,crafts,lower_middle_class,"
          
Martin:

          
Bon jour! Euer Brueder isch e braver Mann, awer leider durch allerhand unglückliche Zuefäll e biffele zeruck kumme, awer Gott sei dank, ich kann ihm hit au e kleini unerwarti Freid mache. Er het mir emol in der Not Bürgschaft geleischt for 2000 Franke un het als e Ehre- mann die Summ bezahlt, was ich nit im Stand bin g'sin. Er isch dodurch e armer Mann worre; Hitt kumm ich, zwei Tag vor minnere Hochzitt, um alles in Richtigkeit ze mache! Voila 2000 Mark mit Zinse von fünf Johr. S'wurd alles stimme.

        
",107,kleisecker-dr-schnider-von-gambse,95,21,0.07802116187263362,0.22105263157894736
215,comedy,Georg Lügenbühler,M,taylor,crafts,lower_middle_class,"
          
Georg :

          
Theres ! hebs uff, so viel Glück macht mi gan des parat! Hebs uff! un rischt e Esse, un grand diner! Martin, Dü bisch invitiert un au dr Toni un die zwei Gendarme un Sie alle, ihr Herre un Dame. Der alt Gott lebt noch! Er verloßt en ehrliche Mann net, deß steht fest. Theres, daß D' mir nie mehr verzagsch: also, jeht numme dr Hochzitts- M fertig gemacht. Nochher am Owe gitts glich au e flott's Effe.

        
",107,kleisecker-dr-schnider-von-gambse,80,14,0.10885714285714286,0.175
216,comedy,Martin Tannspahn,M,carpenter,crafts,lower_middle_class,"
          
Martin:

          
Und ich lad Euch alli zue der Hochzitt un do welle m'r uff's neje d'Frindschaft hoch lewe lon, d'Frindschaft unter brave Handwerkslitt, wo statt enander ze beniede, enander helfe, wo sie kenne.

        
",108,kleisecker-dr-schnider-von-gambse,36,10,0.09221638228644342,0.2777777777777778
217,comedy,Jean Lügenbühler,M,,,,"
          
Jean :

          
C'est bien! c'est bien! Dis will ich meine! mon idée tout mon opinion.

        
",108,kleisecker-dr-schnider-von-gambse,14,1,0.0,0.07142857142857142
218,comedy,Martin Tannspahn,M,carpenter,crafts,lower_middle_class,"
          
Martin:

          
Eh bien, un au Sie, Monsieur Jean, kumme zür Hochzitt und unterhalte uns vun Ihre Reise und Erlebnisse.

        
",109,kleisecker-dr-schnider-von-gambse,19,5,0.05620000000000001,0.2631578947368421
219,comedy,Jean Lügenbühler,M,,,,"
          
Jean:

          
Avec plaisir! Monsieur !

        
",109,kleisecker-dr-schnider-von-gambse,4,1,0.0,0.25
220,comedy,Georg Lügenbühler,M,taylor,crafts,lower_middle_class,"
          
Georg:

          
Vor alle Dinge! Dr erst Toast gilt mim Brueder, dem Helfer in der Not, un der zweit alle rechtschaffene Litt, die Ihr Wort halte und Ihre Pflicht erfülle; un wenn alli Luschtbarkeit ze End isch, ze singe m'r alli mitenander, wenn mr heim gehn, das schön Liedel und dis derf nix anders sin als : „Schlof! Kindele schlof !“ 
(Vorhang fällt)
 Gesangs-Einlagen zu „In der Kütsch“ oder „Schlof, Kindele schlof“. Refrain : Refrain : Refrain : I. In der Welt passiere doch au Sache, Manchmol trürig, manchmol au zum Lache. tehmt m'r nur e Zittung jetz in d'Hand, Lest m'r Dings, s""isch wirkli intressant. B'sunders gern thue ich mich amüsiere, Hinte die Annonce ze stüdiere, Denn do steckt manchmol e praktischer Sinn Oder au e gueti Lehr noch drinn. Un ’s het alles sin Ursach, ’s het alles sin Grund ’s het alles sin Zitt und 'Shet alles sin Stund. II. I hab do d'Nummer grad vum Samstag z'owe, Liewer Vater Dü, im Himmel drowe! Schlachtfest, Tanz, Konzert un Keglerei, Hahne-, Spate-, Pschorr- un Löwebräu, Uewerall Pläsir un lustig Lewe Awer — d'Zwangsverkaif stehn glich d'newe; Denn Vergnügungsucht füehrt zum Bankrott, Sie stürzt in Schulde un bringt Schand un Spott. Ja! ’s het alles usw. III. Do isch eim e Jagdhund zuegelaufe, Un was isch do nit alles ze verkaufe; Brennholz, Hammelfleisch un altes Zinn, Möbel, Hasepelz und roter Win. Alles, alles kann m'r do hin finde: ges, Salwendichueh, Berliner Flinte ― woll’ne Unterrök und Bairisch Bier E starker Schubkarch un e neus Klavier. Ja! ’s het alles usw. Do isch e Wohnung leer am Schlachthüsstade, Des wär ebs for gewissi Advokate, Ob sie ’s- welle, des isch zwiefelhaft, Awer ’s wär dort guete Nochberschaft ; Denn die wo dort im Chambre garni wohne, Sin akkurat so freisinnige Patrone Die Herre könnte jo vun Zit ze Zit Dort Ihre Brueder mache e Visit. Refrain : Ja! ’s het alles usw. V. Uf dere Sitt do isch e nett's Kapitel, Vereinsvergnuege heißt der lustig Titel, Wer die Vereis"" wott zähle; s'gäb kenn End, In jedem Hüs wohnt jetz e Präsident. Do gibt ’s denn Stiftungsfest' un Fahneweih Konzert un Bäll, Usflüg un Gasterei M'r macht oft furt drei Tag un ganze Nächt Un nochher saat m'r : d'Zitte sin so schlecht. Refrain : Ja! ’s het alles usw. VI. Jo, jo, mir lewe in kuriose zitte, Der Fortschrittsgaul wurd wirkli stark geritte, Un doch gibt's Litt, die meine noch derzue, Das Volk sei noch nit liberal genue. Die Brüeder, wo so flott Ihr Fähnel schwenke, Die solle an de Aubettesaal nur denke, Dort het e liberaler Geist s'letscht g'spuckt, M'r het dort g'sehn wo uns der Stiefel druckt. Refrain : Ja! ’s het alles usw. Lied am Schluß des Stückes. Schlof, Kindele, schlof. Deß gilt dene Brueder, wo bim Win un bim Bier In de Wirtskneipe size bis am Morge am vier; Denn, wenn die ken Dampf han, ze kumt ne ken Schlof. Schlof, Kindele, schlof. Schlof, Kindele, schlof.

        
",110,kleisecker-dr-schnider-von-gambse,511,70,0.0401473759071399,0.136986301369863
221,comedy,Georg Lügenbühler,M,taylor,crafts,lower_middle_class,"
          
Georg :

          
So hab i g'hört singe e strammer Soldat, Wo d'Kinderkutsch g'führt het uf der Esplanade, Na! denk i. Du bisch au e guetmüetig's Schof. Schlof, Kindele, schlof. Schlof, Kindele, schlof.

        
",110,kleisecker-dr-schnider-von-gambse,33,3,0.0,0.09090909090909091
222,comedy,Georg Lügenbühler,M,taylor,crafts,lower_middle_class,"
          
Georg:

          
E Mann schwenkt vum Bierhüs zuem.heimische Dach ; ’s schlat eins un sin Frau isch bim Kleinste noch wach ; Jetz poltert er d'Stäy ruf; er het widder en Aff. Schlaf, Kindelein, schlaf. Schlaf, Kindelein, schlaf.

        
",111,kleisecker-dr-schnider-von-gambse,37,2,0.0,0.05405405405405406
223,comedy,Georg Lügenbühler,M,taylor,crafts,lower_middle_class,"
          
Georg:

          
E Burjer wo d'Sundasruehj nit recht versteht, Lejt zitter all’ Sunda bis nyne im Bett; Wenns litt macht er d'Läde uf, er meint, sunsch gäbs trof. Schlof, Kindete, schlof. Schlof, Kindele, schlof.

        
",111,kleisecker-dr-schnider-von-gambse,35,3,0.0,0.08571428571428572
224,comedy,Georg Lügenbühler,M,taylor,crafts,lower_middle_class,"
          
Georg:

          
So singt au e Maidel, wo d'Kinderkütsch füehrt Un newe her mit em Ulan dischkerirt; Drum wünscht sie dem Kindel g'segnete Schlof. Schlof, Kindele, schlof. Schlof, Kindele, schlof. : So ruef ich Euch, Dame un Herre jetz zue Un wünsch Euch guet Nacht un e angenehm' Rueh ; Daß er träume vum Schnieder, un singe im Schlof. Schlof, Kindele, schlof. Schlof, Kindele, schlof.

        
",112,kleisecker-dr-schnider-von-gambse,63,10,0.03909999999999999,0.15873015873015872
